"run","uplandAmount","costPromotiveDecRate","costDemotiveRes","disturbanceDelay","infert","costDemotiveDecRate","costPromotiveIncRate","fecundityPromotiveIncRate","obTargetID","obSourceID","fecundityPromotiveRes","trafficPromotiveLongCoefficient","observedType","costDemotiveMax","fecundityPromotiveMax","importsCoefficient","trafficPromotiveShortCoefficient","importsYIntercept","trafficDemotiveLongCoefficient","fecundityDemotiveIncRate","costPromotiveRes","fecundityDemotiveDecRate","fecundityDemotiveMax","fecundityDemotiveRes","costPromotiveMax","randomSeed","fecundityPromotiveDecRate","trafficDemotiveShortCoefficient","costDemotiveIncRate","disturbanceRemovalChance"
1,130,1.0,0.5,0,15,1.0,0.02,0.005,271,288,0.5,0.1,"bajo",20.0,20.0,-0.15,0.2,15.0,0.0,3.0E-4,0.5,0.1,10.0,0.0,0.5,1862799205,0.1,1.0,0.01,0.0
2,130,1.0,0.5,0,15,1.0,0.02,0.005,271,288,0.5,0.1,"bajo",20.0,20.0,-0.15,0.2,15.0,0.0,3.0E-4,0.5,0.1,10.0,0.0,0.5,1862799205,0.1,1.0,0.01,0.0
3,130,1.0,0.5,0,15,1.0,0.02,0.005,271,288,0.5,0.1,"bajo",20.0,20.0,-0.15,0.2,15.0,0.0,3.0E-4,0.5,0.1,10.0,0.0,0.5,1862799205,0.1,1.0,0.01,0.014285714285714285
4,130,1.0,0.5,0,15,1.0,0.02,0.005,271,288,0.5,0.1,"bajo",20.0,20.0,-0.15,0.2,15.0,0.0,3.0E-4,0.5,0.1,10.0,0.0,0.5,1862799205,0.1,1.0,0.01,0.02857142857142857
5,130,1.0,0.5,0,15,1.0,0.02,0.005,271,288,0.5,0.1,"bajo",20.0,20.0,-0.15,0.2,15.0,0.0,3.0E-4,0.5,0.1,10.0,0.0,0.5,1862799205,0.1,1.0,0.01,0.04285714285714286
6,130,1.0,0.5,0,15,1.0,0.02,0.005,271,288,0.5,0.1,"bajo",20.0,20.0,-0.15,0.2,15.0,0.0,3.0E-4,0.5,0.1,10.0,0.0,0.5,1862799205,0.1,1.0,0.01,0.05714285714285714
7,130,1.0,0.5,0,15,1.0,0.02,0.005,271,288,0.5,0.1,"bajo",20.0,20.0,-0.15,0.2,15.0,0.0,3.0E-4,0.5,0.1,10.0,0.0,0.5,1862799205,0.1,1.0,0.01,0.07142857142857142
8,130,1.0,0.5,0,15,1.0,0.02,0.005,271,288,0.5,0.1,"bajo",20.0,20.0,-0.15,0.2,15.0,0.0,3.0E-4,0.5,0.1,10.0,0.0,0.5,1862799205,0.1,1.0,0.01,0.08571428571428572
9,130,1.0,0.5,0,15,1.0,0.02,0.005,271,288,0.5,0.1,"bajo",20.0,20.0,-0.15,0.2,15.0,0.0,3.0E-4,0.5,0.1,10.0,0.0,0.5,1862799205,0.1,1.0,0.01,0.09999999999999999
10,130,1.0,0.5,0,15,1.0,0.02,0.005,271,288,0.5,0.1,"bajo",20.0,20.0,-0.15,0.2,15.0,0.0,3.0E-4,0.5,0.1,10.0,0.0,0.5,1862799205,0.1,1.0,0.01,0.11428571428571428
11,130,1.0,0.5,0,15,1.0,0.02,0.005,271,288,0.5,0.1,"bajo",20.0,20.0,-0.15,0.2,15.0,0.0,3.0E-4,0.5,0.1,10.0,0.0,0.5,1862799205,0.1,1.0,0.01,0.12857142857142856
12,130,1.0,0.5,0,15,1.0,0.02,0.005,271,288,0.5,0.1,"bajo",20.0,20.0,-0.15,0.2,15.0,0.0,3.0E-4,0.5,0.1,10.0,0.0,0.5,1862799205,0.1,1.0,0.01,0.14285714285714285
13,130,1.0,0.5,0,15,1.0,0.02,0.005,271,288,0.5,0.1,"bajo",20.0,20.0,-0.15,0.2,15.0,0.0,3.0E-4,0.5,0.1,10.0,0.0,0.5,1862799205,0.1,1.0,0.01,0.15714285714285714
14,130,1.0,0.5,0,15,1.0,0.02,0.005,271,288,0.5,0.1,"bajo",20.0,20.0,-0.15,0.2,15.0,0.0,3.0E-4,0.5,0.1,10.0,0.0,0.5,1862799205,0.1,1.0,0.01,0.17142857142857143
15,130,1.0,0.5,0,15,1.0,0.02,0.005,271,288,0.5,0.1,"bajo",20.0,20.0,-0.15,0.2,15.0,0.0,3.0E-4,0.5,0.1,10.0,0.0,0.5,1862799205,0.1,1.0,0.01,0.18571428571428572
16,130,1.0,0.5,0,15,1.0,0.02,0.005,271,288,0.5,0.1,"bajo",20.0,20.0,-0.15,0.2,15.0,0.0,3.0E-4,0.5,0.1,10.0,0.0,0.5,1862799205,0.1,1.0,0.01,0.19999999999999998
17,130,1.0,0.5,0,15,1.0,0.02,0.005,271,288,0.5,0.1,"bajo",20.0,20.0,-0.15,0.2,15.0,0.0,3.0E-4,0.5,0.1,10.0,0.0,0.5,1862799205,0.1,1.0,0.01,0.21428571428571427
18,130,1.0,0.5,0,15,1.0,0.02,0.005,271,288,0.5,0.1,"bajo",20.0,20.0,-0.15,0.2,15.0,0.0,3.0E-4,0.5,0.1,10.0,0.0,0.5,1862799205,0.1,1.0,0.01,0.22857142857142856
19,130,1.0,0.5,0,15,1.0,0.02,0.005,271,288,0.5,0.1,"bajo",20.0,20.0,-0.15,0.2,15.0,0.0,3.0E-4,0.5,0.1,10.0,0.0,0.5,1862799205,0.1,1.0,0.01,0.24285714285714285
20,130,1.0,0.5,0,15,1.0,0.02,0.005,271,288,0.5,0.1,"bajo",20.0,20.0,-0.15,0.2,15.0,0.0,3.0E-4,0.5,0.1,10.0,0.0,0.5,1862799205,0.1,1.0,0.01,0.2571428571428571
21,130,1.0,0.5,0,15,1.0,0.02,0.005,271,288,0.5,0.1,"bajo",20.0,20.0,-0.15,0.2,15.0,0.0,3.0E-4,0.5,0.1,10.0,0.0,0.5,1862799205,0.1,1.0,0.01,0.2714285714285714
22,130,1.0,0.5,0,15,1.0,0.02,0.005,271,288,0.5,0.1,"bajo",20.0,20.0,-0.15,0.2,15.0,0.0,3.0E-4,0.5,0.1,10.0,0.0,0.5,1862799205,0.1,1.0,0.01,0.2857142857142857
23,130,1.0,0.5,0,15,1.0,0.02,0.005,271,288,0.5,0.1,"bajo",20.0,20.0,-0.15,0.2,15.0,0.0,3.0E-4,0.5,0.1,10.0,0.0,0.5,1862799205,0.1,1.0,0.01,0.3
24,130,1.0,0.5,0,15,1.0,0.02,0.005,271,288,0.5,0.1,"bajo",20.0,20.0,-0.15,0.2,15.0,0.0,3.0E-4,0.5,0.1,10.0,0.047619047619047616,0.5,1862799205,0.1,1.0,0.01,0.0
25,130,1.0,0.5,0,15,1.0,0.02,0.005,271,288,0.5,0.1,"bajo",20.0,20.0,-0.15,0.2,15.0,0.0,3.0E-4,0.5,0.1,10.0,0.047619047619047616,0.5,1862799205,0.1,1.0,0.01,0.014285714285714285
26,130,1.0,0.5,0,15,1.0,0.02,0.005,271,288,0.5,0.1,"bajo",20.0,20.0,-0.15,0.2,15.0,0.0,3.0E-4,0.5,0.1,10.0,0.047619047619047616,0.5,1862799205,0.1,1.0,0.01,0.02857142857142857
27,130,1.0,0.5,0,15,1.0,0.02,0.005,271,288,0.5,0.1,"bajo",20.0,20.0,-0.15,0.2,15.0,0.0,3.0E-4,0.5,0.1,10.0,0.047619047619047616,0.5,1862799205,0.1,1.0,0.01,0.04285714285714286
28,130,1.0,0.5,0,15,1.0,0.02,0.005,271,288,0.5,0.1,"bajo",20.0,20.0,-0.15,0.2,15.0,0.0,3.0E-4,0.5,0.1,10.0,0.047619047619047616,0.5,1862799205,0.1,1.0,0.01,0.05714285714285714
29,130,1.0,0.5,0,15,1.0,0.02,0.005,271,288,0.5,0.1,"bajo",20.0,20.0,-0.15,0.2,15.0,0.0,3.0E-4,0.5,0.1,10.0,0.047619047619047616,0.5,1862799205,0.1,1.0,0.01,0.07142857142857142
30,130,1.0,0.5,0,15,1.0,0.02,0.005,271,288,0.5,0.1,"bajo",20.0,20.0,-0.15,0.2,15.0,0.0,3.0E-4,0.5,0.1,10.0,0.047619047619047616,0.5,1862799205,0.1,1.0,0.01,0.08571428571428572
31,130,1.0,0.5,0,15,1.0,0.02,0.005,271,288,0.5,0.1,"bajo",20.0,20.0,-0.15,0.2,15.0,0.0,3.0E-4,0.5,0.1,10.0,0.047619047619047616,0.5,1862799205,0.1,1.0,0.01,0.09999999999999999
32,130,1.0,0.5,0,15,1.0,0.02,0.005,271,288,0.5,0.1,"bajo",20.0,20.0,-0.15,0.2,15.0,0.0,3.0E-4,0.5,0.1,10.0,0.047619047619047616,0.5,1862799205,0.1,1.0,0.01,0.11428571428571428
33,130,1.0,0.5,0,15,1.0,0.02,0.005,271,288,0.5,0.1,"bajo",20.0,20.0,-0.15,0.2,15.0,0.0,3.0E-4,0.5,0.1,10.0,0.047619047619047616,0.5,1862799205,0.1,1.0,0.01,0.12857142857142856
34,130,1.0,0.5,0,15,1.0,0.02,0.005,271,288,0.5,0.1,"bajo",20.0,20.0,-0.15,0.2,15.0,0.0,3.0E-4,0.5,0.1,10.0,0.047619047619047616,0.5,1862799205,0.1,1.0,0.01,0.14285714285714285
35,130,1.0,0.5,0,15,1.0,0.02,0.005,271,288,0.5,0.1,"bajo",20.0,20.0,-0.15,0.2,15.0,0.0,3.0E-4,0.5,0.1,10.0,0.047619047619047616,0.5,1862799205,0.1,1.0,0.01,0.15714285714285714
36,130,1.0,0.5,0,15,1.0,0.02,0.005,271,288,0.5,0.1,"bajo",20.0,20.0,-0.15,0.2,15.0,0.0,3.0E-4,0.5,0.1,10.0,0.047619047619047616,0.5,1862799205,0.1,1.0,0.01,0.17142857142857143
37,130,1.0,0.5,0,15,1.0,0.02,0.005,271,288,0.5,0.1,"bajo",20.0,20.0,-0.15,0.2,15.0,0.0,3.0E-4,0.5,0.1,10.0,0.047619047619047616,0.5,1862799205,0.1,1.0,0.01,0.18571428571428572
38,130,1.0,0.5,0,15,1.0,0.02,0.005,271,288,0.5,0.1,"bajo",20.0,20.0,-0.15,0.2,15.0,0.0,3.0E-4,0.5,0.1,10.0,0.047619047619047616,0.5,1862799205,0.1,1.0,0.01,0.19999999999999998
39,130,1.0,0.5,0,15,1.0,0.02,0.005,271,288,0.5,0.1,"bajo",20.0,20.0,-0.15,0.2,15.0,0.0,3.0E-4,0.5,0.1,10.0,0.047619047619047616,0.5,1862799205,0.1,1.0,0.01,0.21428571428571427
40,130,1.0,0.5,0,15,1.0,0.02,0.005,271,288,0.5,0.1,"bajo",20.0,20.0,-0.15,0.2,15.0,0.0,3.0E-4,0.5,0.1,10.0,0.047619047619047616,0.5,1862799205,0.1,1.0,0.01,0.22857142857142856
41,130,1.0,0.5,0,15,1.0,0.02,0.005,271,288,0.5,0.1,"bajo",20.0,20.0,-0.15,0.2,15.0,0.0,3.0E-4,0.5,0.1,10.0,0.047619047619047616,0.5,1862799205,0.1,1.0,0.01,0.24285714285714285
42,130,1.0,0.5,0,15,1.0,0.02,0.005,271,288,0.5,0.1,"bajo",20.0,20.0,-0.15,0.2,15.0,0.0,3.0E-4,0.5,0.1,10.0,0.047619047619047616,0.5,1862799205,0.1,1.0,0.01,0.2571428571428571
43,130,1.0,0.5,0,15,1.0,0.02,0.005,271,288,0.5,0.1,"bajo",20.0,20.0,-0.15,0.2,15.0,0.0,3.0E-4,0.5,0.1,10.0,0.047619047619047616,0.5,1862799205,0.1,1.0,0.01,0.2714285714285714
44,130,1.0,0.5,0,15,1.0,0.02,0.005,271,288,0.5,0.1,"bajo",20.0,20.0,-0.15,0.2,15.0,0.0,3.0E-4,0.5,0.1,10.0,0.047619047619047616,0.5,1862799205,0.1,1.0,0.01,0.2857142857142857
45,130,1.0,0.5,0,15,1.0,0.02,0.005,271,288,0.5,0.1,"bajo",20.0,20.0,-0.15,0.2,15.0,0.0,3.0E-4,0.5,0.1,10.0,0.047619047619047616,0.5,1862799205,0.1,1.0,0.01,0.3
46,130,1.0,0.5,0,15,1.0,0.02,0.005,271,288,0.5,0.1,"bajo",20.0,20.0,-0.15,0.2,15.0,0.0,3.0E-4,0.5,0.1,10.0,0.09523809523809523,0.5,1862799205,0.1,1.0,0.01,0.0
47,130,1.0,0.5,0,15,1.0,0.02,0.005,271,288,0.5,0.1,"bajo",20.0,20.0,-0.15,0.2,15.0,0.0,3.0E-4,0.5,0.1,10.0,0.09523809523809523,0.5,1862799205,0.1,1.0,0.01,0.014285714285714285
48,130,1.0,0.5,0,15,1.0,0.02,0.005,271,288,0.5,0.1,"bajo",20.0,20.0,-0.15,0.2,15.0,0.0,3.0E-4,0.5,0.1,10.0,0.09523809523809523,0.5,1862799205,0.1,1.0,0.01,0.02857142857142857
49,130,1.0,0.5,0,15,1.0,0.02,0.005,271,288,0.5,0.1,"bajo",20.0,20.0,-0.15,0.2,15.0,0.0,3.0E-4,0.5,0.1,10.0,0.09523809523809523,0.5,1862799205,0.1,1.0,0.01,0.04285714285714286
50,130,1.0,0.5,0,15,1.0,0.02,0.005,271,288,0.5,0.1,"bajo",20.0,20.0,-0.15,0.2,15.0,0.0,3.0E-4,0.5,0.1,10.0,0.09523809523809523,0.5,1862799205,0.1,1.0,0.01,0.05714285714285714
51,130,1.0,0.5,0,15,1.0,0.02,0.005,271,288,0.5,0.1,"bajo",20.0,20.0,-0.15,0.2,15.0,0.0,3.0E-4,0.5,0.1,10.0,0.09523809523809523,0.5,1862799205,0.1,1.0,0.01,0.07142857142857142
52,130,1.0,0.5,0,15,1.0,0.02,0.005,271,288,0.5,0.1,"bajo",20.0,20.0,-0.15,0.2,15.0,0.0,3.0E-4,0.5,0.1,10.0,0.09523809523809523,0.5,1862799205,0.1,1.0,0.01,0.08571428571428572
53,130,1.0,0.5,0,15,1.0,0.02,0.005,271,288,0.5,0.1,"bajo",20.0,20.0,-0.15,0.2,15.0,0.0,3.0E-4,0.5,0.1,10.0,0.09523809523809523,0.5,1862799205,0.1,1.0,0.01,0.09999999999999999
54,130,1.0,0.5,0,15,1.0,0.02,0.005,271,288,0.5,0.1,"bajo",20.0,20.0,-0.15,0.2,15.0,0.0,3.0E-4,0.5,0.1,10.0,0.09523809523809523,0.5,1862799205,0.1,1.0,0.01,0.11428571428571428
55,130,1.0,0.5,0,15,1.0,0.02,0.005,271,288,0.5,0.1,"bajo",20.0,20.0,-0.15,0.2,15.0,0.0,3.0E-4,0.5,0.1,10.0,0.09523809523809523,0.5,1862799205,0.1,1.0,0.01,0.12857142857142856
56,130,1.0,0.5,0,15,1.0,0.02,0.005,271,288,0.5,0.1,"bajo",20.0,20.0,-0.15,0.2,15.0,0.0,3.0E-4,0.5,0.1,10.0,0.09523809523809523,0.5,1862799205,0.1,1.0,0.01,0.14285714285714285
57,130,1.0,0.5,0,15,1.0,0.02,0.005,271,288,0.5,0.1,"bajo",20.0,20.0,-0.15,0.2,15.0,0.0,3.0E-4,0.5,0.1,10.0,0.09523809523809523,0.5,1862799205,0.1,1.0,0.01,0.15714285714285714
58,130,1.0,0.5,0,15,1.0,0.02,0.005,271,288,0.5,0.1,"bajo",20.0,20.0,-0.15,0.2,15.0,0.0,3.0E-4,0.5,0.1,10.0,0.09523809523809523,0.5,1862799205,0.1,1.0,0.01,0.17142857142857143
59,130,1.0,0.5,0,15,1.0,0.02,0.005,271,288,0.5,0.1,"bajo",20.0,20.0,-0.15,0.2,15.0,0.0,3.0E-4,0.5,0.1,10.0,0.09523809523809523,0.5,1862799205,0.1,1.0,0.01,0.18571428571428572
60,130,1.0,0.5,0,15,1.0,0.02,0.005,271,288,0.5,0.1,"bajo",20.0,20.0,-0.15,0.2,15.0,0.0,3.0E-4,0.5,0.1,10.0,0.09523809523809523,0.5,1862799205,0.1,1.0,0.01,0.19999999999999998
61,130,1.0,0.5,0,15,1.0,0.02,0.005,271,288,0.5,0.1,"bajo",20.0,20.0,-0.15,0.2,15.0,0.0,3.0E-4,0.5,0.1,10.0,0.09523809523809523,0.5,1862799205,0.1,1.0,0.01,0.21428571428571427
62,130,1.0,0.5,0,15,1.0,0.02,0.005,271,288,0.5,0.1,"bajo",20.0,20.0,-0.15,0.2,15.0,0.0,3.0E-4,0.5,0.1,10.0,0.09523809523809523,0.5,1862799205,0.1,1.0,0.01,0.22857142857142856
63,130,1.0,0.5,0,15,1.0,0.02,0.005,271,288,0.5,0.1,"bajo",20.0,20.0,-0.15,0.2,15.0,0.0,3.0E-4,0.5,0.1,10.0,0.09523809523809523,0.5,1862799205,0.1,1.0,0.01,0.24285714285714285
64,130,1.0,0.5,0,15,1.0,0.02,0.005,271,288,0.5,0.1,"bajo",20.0,20.0,-0.15,0.2,15.0,0.0,3.0E-4,0.5,0.1,10.0,0.09523809523809523,0.5,1862799205,0.1,1.0,0.01,0.2571428571428571
65,130,1.0,0.5,0,15,1.0,0.02,0.005,271,288,0.5,0.1,"bajo",20.0,20.0,-0.15,0.2,15.0,0.0,3.0E-4,0.5,0.1,10.0,0.09523809523809523,0.5,1862799205,0.1,1.0,0.01,0.2714285714285714
66,130,1.0,0.5,0,15,1.0,0.02,0.005,271,288,0.5,0.1,"bajo",20.0,20.0,-0.15,0.2,15.0,0.0,3.0E-4,0.5,0.1,10.0,0.09523809523809523,0.5,1862799205,0.1,1.0,0.01,0.2857142857142857
67,130,1.0,0.5,0,15,1.0,0.02,0.005,271,288,0.5,0.1,"bajo",20.0,20.0,-0.15,0.2,15.0,0.0,3.0E-4,0.5,0.1,10.0,0.09523809523809523,0.5,1862799205,0.1,1.0,0.01,0.3
68,130,1.0,0.5,0,15,1.0,0.02,0.005,271,288,0.5,0.1,"bajo",20.0,20.0,-0.15,0.2,15.0,0.0,3.0E-4,0.5,0.1,10.0,0.14285714285714285,0.5,1862799205,0.1,1.0,0.01,0.0
69,130,1.0,0.5,0,15,1.0,0.02,0.005,271,288,0.5,0.1,"bajo",20.0,20.0,-0.15,0.2,15.0,0.0,3.0E-4,0.5,0.1,10.0,0.14285714285714285,0.5,1862799205,0.1,1.0,0.01,0.014285714285714285
70,130,1.0,0.5,0,15,1.0,0.02,0.005,271,288,0.5,0.1,"bajo",20.0,20.0,-0.15,0.2,15.0,0.0,3.0E-4,0.5,0.1,10.0,0.14285714285714285,0.5,1862799205,0.1,1.0,0.01,0.02857142857142857
71,130,1.0,0.5,0,15,1.0,0.02,0.005,271,288,0.5,0.1,"bajo",20.0,20.0,-0.15,0.2,15.0,0.0,3.0E-4,0.5,0.1,10.0,0.14285714285714285,0.5,1862799205,0.1,1.0,0.01,0.04285714285714286
72,130,1.0,0.5,0,15,1.0,0.02,0.005,271,288,0.5,0.1,"bajo",20.0,20.0,-0.15,0.2,15.0,0.0,3.0E-4,0.5,0.1,10.0,0.14285714285714285,0.5,1862799205,0.1,1.0,0.01,0.05714285714285714
73,130,1.0,0.5,0,15,1.0,0.02,0.005,271,288,0.5,0.1,"bajo",20.0,20.0,-0.15,0.2,15.0,0.0,3.0E-4,0.5,0.1,10.0,0.14285714285714285,0.5,1862799205,0.1,1.0,0.01,0.07142857142857142
74,130,1.0,0.5,0,15,1.0,0.02,0.005,271,288,0.5,0.1,"bajo",20.0,20.0,-0.15,0.2,15.0,0.0,3.0E-4,0.5,0.1,10.0,0.14285714285714285,0.5,1862799205,0.1,1.0,0.01,0.08571428571428572
75,130,1.0,0.5,0,15,1.0,0.02,0.005,271,288,0.5,0.1,"bajo",20.0,20.0,-0.15,0.2,15.0,0.0,3.0E-4,0.5,0.1,10.0,0.14285714285714285,0.5,1862799205,0.1,1.0,0.01,0.09999999999999999
76,130,1.0,0.5,0,15,1.0,0.02,0.005,271,288,0.5,0.1,"bajo",20.0,20.0,-0.15,0.2,15.0,0.0,3.0E-4,0.5,0.1,10.0,0.14285714285714285,0.5,1862799205,0.1,1.0,0.01,0.11428571428571428
77,130,1.0,0.5,0,15,1.0,0.02,0.005,271,288,0.5,0.1,"bajo",20.0,20.0,-0.15,0.2,15.0,0.0,3.0E-4,0.5,0.1,10.0,0.14285714285714285,0.5,1862799205,0.1,1.0,0.01,0.12857142857142856
78,130,1.0,0.5,0,15,1.0,0.02,0.005,271,288,0.5,0.1,"bajo",20.0,20.0,-0.15,0.2,15.0,0.0,3.0E-4,0.5,0.1,10.0,0.14285714285714285,0.5,1862799205,0.1,1.0,0.01,0.14285714285714285
79,130,1.0,0.5,0,15,1.0,0.02,0.005,271,288,0.5,0.1,"bajo",20.0,20.0,-0.15,0.2,15.0,0.0,3.0E-4,0.5,0.1,10.0,0.14285714285714285,0.5,1862799205,0.1,1.0,0.01,0.15714285714285714
80,130,1.0,0.5,0,15,1.0,0.02,0.005,271,288,0.5,0.1,"bajo",20.0,20.0,-0.15,0.2,15.0,0.0,3.0E-4,0.5,0.1,10.0,0.14285714285714285,0.5,1862799205,0.1,1.0,0.01,0.17142857142857143
81,130,1.0,0.5,0,15,1.0,0.02,0.005,271,288,0.5,0.1,"bajo",20.0,20.0,-0.15,0.2,15.0,0.0,3.0E-4,0.5,0.1,10.0,0.14285714285714285,0.5,1862799205,0.1,1.0,0.01,0.18571428571428572
82,130,1.0,0.5,0,15,1.0,0.02,0.005,271,288,0.5,0.1,"bajo",20.0,20.0,-0.15,0.2,15.0,0.0,3.0E-4,0.5,0.1,10.0,0.14285714285714285,0.5,1862799205,0.1,1.0,0.01,0.19999999999999998
83,130,1.0,0.5,0,15,1.0,0.02,0.005,271,288,0.5,0.1,"bajo",20.0,20.0,-0.15,0.2,15.0,0.0,3.0E-4,0.5,0.1,10.0,0.14285714285714285,0.5,1862799205,0.1,1.0,0.01,0.21428571428571427
84,130,1.0,0.5,0,15,1.0,0.02,0.005,271,288,0.5,0.1,"bajo",20.0,20.0,-0.15,0.2,15.0,0.0,3.0E-4,0.5,0.1,10.0,0.14285714285714285,0.5,1862799205,0.1,1.0,0.01,0.22857142857142856
85,130,1.0,0.5,0,15,1.0,0.02,0.005,271,288,0.5,0.1,"bajo",20.0,20.0,-0.15,0.2,15.0,0.0,3.0E-4,0.5,0.1,10.0,0.14285714285714285,0.5,1862799205,0.1,1.0,0.01,0.24285714285714285
86,130,1.0,0.5,0,15,1.0,0.02,0.005,271,288,0.5,0.1,"bajo",20.0,20.0,-0.15,0.2,15.0,0.0,3.0E-4,0.5,0.1,10.0,0.14285714285714285,0.5,1862799205,0.1,1.0,0.01,0.2571428571428571
87,130,1.0,0.5,0,15,1.0,0.02,0.005,271,288,0.5,0.1,"bajo",20.0,20.0,-0.15,0.2,15.0,0.0,3.0E-4,0.5,0.1,10.0,0.14285714285714285,0.5,1862799205,0.1,1.0,0.01,0.2714285714285714
88,130,1.0,0.5,0,15,1.0,0.02,0.005,271,288,0.5,0.1,"bajo",20.0,20.0,-0.15,0.2,15.0,0.0,3.0E-4,0.5,0.1,10.0,0.14285714285714285,0.5,1862799205,0.1,1.0,0.01,0.2857142857142857
89,130,1.0,0.5,0,15,1.0,0.02,0.005,271,288,0.5,0.1,"bajo",20.0,20.0,-0.15,0.2,15.0,0.0,3.0E-4,0.5,0.1,10.0,0.14285714285714285,0.5,1862799205,0.1,1.0,0.01,0.3
90,130,1.0,0.5,0,15,1.0,0.02,0.005,271,288,0.5,0.1,"bajo",20.0,20.0,-0.15,0.2,15.0,0.0,3.0E-4,0.5,0.1,10.0,0.19047619047619047,0.5,1862799205,0.1,1.0,0.01,0.0
91,130,1.0,0.5,0,15,1.0,0.02,0.005,271,288,0.5,0.1,"bajo",20.0,20.0,-0.15,0.2,15.0,0.0,3.0E-4,0.5,0.1,10.0,0.19047619047619047,0.5,1862799205,0.1,1.0,0.01,0.014285714285714285
92,130,1.0,0.5,0,15,1.0,0.02,0.005,271,288,0.5,0.1,"bajo",20.0,20.0,-0.15,0.2,15.0,0.0,3.0E-4,0.5,0.1,10.0,0.19047619047619047,0.5,1862799205,0.1,1.0,0.01,0.02857142857142857
93,130,1.0,0.5,0,15,1.0,0.02,0.005,271,288,0.5,0.1,"bajo",20.0,20.0,-0.15,0.2,15.0,0.0,3.0E-4,0.5,0.1,10.0,0.19047619047619047,0.5,1862799205,0.1,1.0,0.01,0.04285714285714286
94,130,1.0,0.5,0,15,1.0,0.02,0.005,271,288,0.5,0.1,"bajo",20.0,20.0,-0.15,0.2,15.0,0.0,3.0E-4,0.5,0.1,10.0,0.19047619047619047,0.5,1862799205,0.1,1.0,0.01,0.05714285714285714
95,130,1.0,0.5,0,15,1.0,0.02,0.005,271,288,0.5,0.1,"bajo",20.0,20.0,-0.15,0.2,15.0,0.0,3.0E-4,0.5,0.1,10.0,0.19047619047619047,0.5,1862799205,0.1,1.0,0.01,0.07142857142857142
96,130,1.0,0.5,0,15,1.0,0.02,0.005,271,288,0.5,0.1,"bajo",20.0,20.0,-0.15,0.2,15.0,0.0,3.0E-4,0.5,0.1,10.0,0.19047619047619047,0.5,1862799205,0.1,1.0,0.01,0.08571428571428572
97,130,1.0,0.5,0,15,1.0,0.02,0.005,271,288,0.5,0.1,"bajo",20.0,20.0,-0.15,0.2,15.0,0.0,3.0E-4,0.5,0.1,10.0,0.19047619047619047,0.5,1862799205,0.1,1.0,0.01,0.09999999999999999
98,130,1.0,0.5,0,15,1.0,0.02,0.005,271,288,0.5,0.1,"bajo",20.0,20.0,-0.15,0.2,15.0,0.0,3.0E-4,0.5,0.1,10.0,0.19047619047619047,0.5,1862799205,0.1,1.0,0.01,0.11428571428571428
99,130,1.0,0.5,0,15,1.0,0.02,0.005,271,288,0.5,0.1,"bajo",20.0,20.0,-0.15,0.2,15.0,0.0,3.0E-4,0.5,0.1,10.0,0.19047619047619047,0.5,1862799205,0.1,1.0,0.01,0.12857142857142856
100,130,1.0,0.5,0,15,1.0,0.02,0.005,271,288,0.5,0.1,"bajo",20.0,20.0,-0.15,0.2,15.0,0.0,3.0E-4,0.5,0.1,10.0,0.19047619047619047,0.5,1862799205,0.1,1.0,0.01,0.14285714285714285
101,130,1.0,0.5,0,15,1.0,0.02,0.005,271,288,0.5,0.1,"bajo",20.0,20.0,-0.15,0.2,15.0,0.0,3.0E-4,0.5,0.1,10.0,0.19047619047619047,0.5,1862799205,0.1,1.0,0.01,0.15714285714285714
102,130,1.0,0.5,0,15,1.0,0.02,0.005,271,288,0.5,0.1,"bajo",20.0,20.0,-0.15,0.2,15.0,0.0,3.0E-4,0.5,0.1,10.0,0.19047619047619047,0.5,1862799205,0.1,1.0,0.01,0.17142857142857143
103,130,1.0,0.5,0,15,1.0,0.02,0.005,271,288,0.5,0.1,"bajo",20.0,20.0,-0.15,0.2,15.0,0.0,3.0E-4,0.5,0.1,10.0,0.19047619047619047,0.5,1862799205,0.1,1.0,0.01,0.18571428571428572
104,130,1.0,0.5,0,15,1.0,0.02,0.005,271,288,0.5,0.1,"bajo",20.0,20.0,-0.15,0.2,15.0,0.0,3.0E-4,0.5,0.1,10.0,0.19047619047619047,0.5,1862799205,0.1,1.0,0.01,0.19999999999999998
105,130,1.0,0.5,0,15,1.0,0.02,0.005,271,288,0.5,0.1,"bajo",20.0,20.0,-0.15,0.2,15.0,0.0,3.0E-4,0.5,0.1,10.0,0.19047619047619047,0.5,1862799205,0.1,1.0,0.01,0.21428571428571427
106,130,1.0,0.5,0,15,1.0,0.02,0.005,271,288,0.5,0.1,"bajo",20.0,20.0,-0.15,0.2,15.0,0.0,3.0E-4,0.5,0.1,10.0,0.19047619047619047,0.5,1862799205,0.1,1.0,0.01,0.22857142857142856
107,130,1.0,0.5,0,15,1.0,0.02,0.005,271,288,0.5,0.1,"bajo",20.0,20.0,-0.15,0.2,15.0,0.0,3.0E-4,0.5,0.1,10.0,0.19047619047619047,0.5,1862799205,0.1,1.0,0.01,0.24285714285714285
108,130,1.0,0.5,0,15,1.0,0.02,0.005,271,288,0.5,0.1,"bajo",20.0,20.0,-0.15,0.2,15.0,0.0,3.0E-4,0.5,0.1,10.0,0.19047619047619047,0.5,1862799205,0.1,1.0,0.01,0.2571428571428571
109,130,1.0,0.5,0,15,1.0,0.02,0.005,271,288,0.5,0.1,"bajo",20.0,20.0,-0.15,0.2,15.0,0.0,3.0E-4,0.5,0.1,10.0,0.19047619047619047,0.5,1862799205,0.1,1.0,0.01,0.2714285714285714
110,130,1.0,0.5,0,15,1.0,0.02,0.005,271,288,0.5,0.1,"bajo",20.0,20.0,-0.15,0.2,15.0,0.0,3.0E-4,0.5,0.1,10.0,0.19047619047619047,0.5,1862799205,0.1,1.0,0.01,0.2857142857142857
111,130,1.0,0.5,0,15,1.0,0.02,0.005,271,288,0.5,0.1,"bajo",20.0,20.0,-0.15,0.2,15.0,0.0,3.0E-4,0.5,0.1,10.0,0.19047619047619047,0.5,1862799205,0.1,1.0,0.01,0.3
112,130,1.0,0.5,0,15,1.0,0.02,0.005,271,288,0.5,0.1,"bajo",20.0,20.0,-0.15,0.2,15.0,0.0,3.0E-4,0.5,0.1,10.0,0.23809523809523808,0.5,1862799205,0.1,1.0,0.01,0.0
113,130,1.0,0.5,0,15,1.0,0.02,0.005,271,288,0.5,0.1,"bajo",20.0,20.0,-0.15,0.2,15.0,0.0,3.0E-4,0.5,0.1,10.0,0.23809523809523808,0.5,1862799205,0.1,1.0,0.01,0.014285714285714285
114,130,1.0,0.5,0,15,1.0,0.02,0.005,271,288,0.5,0.1,"bajo",20.0,20.0,-0.15,0.2,15.0,0.0,3.0E-4,0.5,0.1,10.0,0.23809523809523808,0.5,1862799205,0.1,1.0,0.01,0.02857142857142857
115,130,1.0,0.5,0,15,1.0,0.02,0.005,271,288,0.5,0.1,"bajo",20.0,20.0,-0.15,0.2,15.0,0.0,3.0E-4,0.5,0.1,10.0,0.23809523809523808,0.5,1862799205,0.1,1.0,0.01,0.04285714285714286
116,130,1.0,0.5,0,15,1.0,0.02,0.005,271,288,0.5,0.1,"bajo",20.0,20.0,-0.15,0.2,15.0,0.0,3.0E-4,0.5,0.1,10.0,0.23809523809523808,0.5,1862799205,0.1,1.0,0.01,0.05714285714285714
117,130,1.0,0.5,0,15,1.0,0.02,0.005,271,288,0.5,0.1,"bajo",20.0,20.0,-0.15,0.2,15.0,0.0,3.0E-4,0.5,0.1,10.0,0.23809523809523808,0.5,1862799205,0.1,1.0,0.01,0.07142857142857142
118,130,1.0,0.5,0,15,1.0,0.02,0.005,271,288,0.5,0.1,"bajo",20.0,20.0,-0.15,0.2,15.0,0.0,3.0E-4,0.5,0.1,10.0,0.23809523809523808,0.5,1862799205,0.1,1.0,0.01,0.08571428571428572
119,130,1.0,0.5,0,15,1.0,0.02,0.005,271,288,0.5,0.1,"bajo",20.0,20.0,-0.15,0.2,15.0,0.0,3.0E-4,0.5,0.1,10.0,0.23809523809523808,0.5,1862799205,0.1,1.0,0.01,0.09999999999999999
120,130,1.0,0.5,0,15,1.0,0.02,0.005,271,288,0.5,0.1,"bajo",20.0,20.0,-0.15,0.2,15.0,0.0,3.0E-4,0.5,0.1,10.0,0.23809523809523808,0.5,1862799205,0.1,1.0,0.01,0.11428571428571428
121,130,1.0,0.5,0,15,1.0,0.02,0.005,271,288,0.5,0.1,"bajo",20.0,20.0,-0.15,0.2,15.0,0.0,3.0E-4,0.5,0.1,10.0,0.23809523809523808,0.5,1862799205,0.1,1.0,0.01,0.12857142857142856
122,130,1.0,0.5,0,15,1.0,0.02,0.005,271,288,0.5,0.1,"bajo",20.0,20.0,-0.15,0.2,15.0,0.0,3.0E-4,0.5,0.1,10.0,0.23809523809523808,0.5,1862799205,0.1,1.0,0.01,0.14285714285714285
123,130,1.0,0.5,0,15,1.0,0.02,0.005,271,288,0.5,0.1,"bajo",20.0,20.0,-0.15,0.2,15.0,0.0,3.0E-4,0.5,0.1,10.0,0.23809523809523808,0.5,1862799205,0.1,1.0,0.01,0.15714285714285714
124,130,1.0,0.5,0,15,1.0,0.02,0.005,271,288,0.5,0.1,"bajo",20.0,20.0,-0.15,0.2,15.0,0.0,3.0E-4,0.5,0.1,10.0,0.23809523809523808,0.5,1862799205,0.1,1.0,0.01,0.17142857142857143
125,130,1.0,0.5,0,15,1.0,0.02,0.005,271,288,0.5,0.1,"bajo",20.0,20.0,-0.15,0.2,15.0,0.0,3.0E-4,0.5,0.1,10.0,0.23809523809523808,0.5,1862799205,0.1,1.0,0.01,0.18571428571428572
126,130,1.0,0.5,0,15,1.0,0.02,0.005,271,288,0.5,0.1,"bajo",20.0,20.0,-0.15,0.2,15.0,0.0,3.0E-4,0.5,0.1,10.0,0.23809523809523808,0.5,1862799205,0.1,1.0,0.01,0.19999999999999998
127,130,1.0,0.5,0,15,1.0,0.02,0.005,271,288,0.5,0.1,"bajo",20.0,20.0,-0.15,0.2,15.0,0.0,3.0E-4,0.5,0.1,10.0,0.23809523809523808,0.5,1862799205,0.1,1.0,0.01,0.21428571428571427
128,130,1.0,0.5,0,15,1.0,0.02,0.005,271,288,0.5,0.1,"bajo",20.0,20.0,-0.15,0.2,15.0,0.0,3.0E-4,0.5,0.1,10.0,0.23809523809523808,0.5,1862799205,0.1,1.0,0.01,0.22857142857142856
129,130,1.0,0.5,0,15,1.0,0.02,0.005,271,288,0.5,0.1,"bajo",20.0,20.0,-0.15,0.2,15.0,0.0,3.0E-4,0.5,0.1,10.0,0.23809523809523808,0.5,1862799205,0.1,1.0,0.01,0.24285714285714285
130,130,1.0,0.5,0,15,1.0,0.02,0.005,271,288,0.5,0.1,"bajo",20.0,20.0,-0.15,0.2,15.0,0.0,3.0E-4,0.5,0.1,10.0,0.23809523809523808,0.5,1862799205,0.1,1.0,0.01,0.2571428571428571
131,130,1.0,0.5,0,15,1.0,0.02,0.005,271,288,0.5,0.1,"bajo",20.0,20.0,-0.15,0.2,15.0,0.0,3.0E-4,0.5,0.1,10.0,0.23809523809523808,0.5,1862799205,0.1,1.0,0.01,0.2714285714285714
132,130,1.0,0.5,0,15,1.0,0.02,0.005,271,288,0.5,0.1,"bajo",20.0,20.0,-0.15,0.2,15.0,0.0,3.0E-4,0.5,0.1,10.0,0.23809523809523808,0.5,1862799205,0.1,1.0,0.01,0.2857142857142857
133,130,1.0,0.5,0,15,1.0,0.02,0.005,271,288,0.5,0.1,"bajo",20.0,20.0,-0.15,0.2,15.0,0.0,3.0E-4,0.5,0.1,10.0,0.23809523809523808,0.5,1862799205,0.1,1.0,0.01,0.3
134,130,1.0,0.5,0,15,1.0,0.02,0.005,271,288,0.5,0.1,"bajo",20.0,20.0,-0.15,0.2,15.0,0.0,3.0E-4,0.5,0.1,10.0,0.2857142857142857,0.5,1862799205,0.1,1.0,0.01,0.0
135,130,1.0,0.5,0,15,1.0,0.02,0.005,271,288,0.5,0.1,"bajo",20.0,20.0,-0.15,0.2,15.0,0.0,3.0E-4,0.5,0.1,10.0,0.2857142857142857,0.5,1862799205,0.1,1.0,0.01,0.014285714285714285
136,130,1.0,0.5,0,15,1.0,0.02,0.005,271,288,0.5,0.1,"bajo",20.0,20.0,-0.15,0.2,15.0,0.0,3.0E-4,0.5,0.1,10.0,0.2857142857142857,0.5,1862799205,0.1,1.0,0.01,0.02857142857142857
137,130,1.0,0.5,0,15,1.0,0.02,0.005,271,288,0.5,0.1,"bajo",20.0,20.0,-0.15,0.2,15.0,0.0,3.0E-4,0.5,0.1,10.0,0.2857142857142857,0.5,1862799205,0.1,1.0,0.01,0.04285714285714286
138,130,1.0,0.5,0,15,1.0,0.02,0.005,271,288,0.5,0.1,"bajo",20.0,20.0,-0.15,0.2,15.0,0.0,3.0E-4,0.5,0.1,10.0,0.2857142857142857,0.5,1862799205,0.1,1.0,0.01,0.05714285714285714
139,130,1.0,0.5,0,15,1.0,0.02,0.005,271,288,0.5,0.1,"bajo",20.0,20.0,-0.15,0.2,15.0,0.0,3.0E-4,0.5,0.1,10.0,0.2857142857142857,0.5,1862799205,0.1,1.0,0.01,0.07142857142857142
140,130,1.0,0.5,0,15,1.0,0.02,0.005,271,288,0.5,0.1,"bajo",20.0,20.0,-0.15,0.2,15.0,0.0,3.0E-4,0.5,0.1,10.0,0.2857142857142857,0.5,1862799205,0.1,1.0,0.01,0.08571428571428572
141,130,1.0,0.5,0,15,1.0,0.02,0.005,271,288,0.5,0.1,"bajo",20.0,20.0,-0.15,0.2,15.0,0.0,3.0E-4,0.5,0.1,10.0,0.2857142857142857,0.5,1862799205,0.1,1.0,0.01,0.09999999999999999
142,130,1.0,0.5,0,15,1.0,0.02,0.005,271,288,0.5,0.1,"bajo",20.0,20.0,-0.15,0.2,15.0,0.0,3.0E-4,0.5,0.1,10.0,0.2857142857142857,0.5,1862799205,0.1,1.0,0.01,0.11428571428571428
143,130,1.0,0.5,0,15,1.0,0.02,0.005,271,288,0.5,0.1,"bajo",20.0,20.0,-0.15,0.2,15.0,0.0,3.0E-4,0.5,0.1,10.0,0.2857142857142857,0.5,1862799205,0.1,1.0,0.01,0.12857142857142856
144,130,1.0,0.5,0,15,1.0,0.02,0.005,271,288,0.5,0.1,"bajo",20.0,20.0,-0.15,0.2,15.0,0.0,3.0E-4,0.5,0.1,10.0,0.2857142857142857,0.5,1862799205,0.1,1.0,0.01,0.14285714285714285
145,130,1.0,0.5,0,15,1.0,0.02,0.005,271,288,0.5,0.1,"bajo",20.0,20.0,-0.15,0.2,15.0,0.0,3.0E-4,0.5,0.1,10.0,0.2857142857142857,0.5,1862799205,0.1,1.0,0.01,0.15714285714285714
146,130,1.0,0.5,0,15,1.0,0.02,0.005,271,288,0.5,0.1,"bajo",20.0,20.0,-0.15,0.2,15.0,0.0,3.0E-4,0.5,0.1,10.0,0.2857142857142857,0.5,1862799205,0.1,1.0,0.01,0.17142857142857143
147,130,1.0,0.5,0,15,1.0,0.02,0.005,271,288,0.5,0.1,"bajo",20.0,20.0,-0.15,0.2,15.0,0.0,3.0E-4,0.5,0.1,10.0,0.2857142857142857,0.5,1862799205,0.1,1.0,0.01,0.18571428571428572
148,130,1.0,0.5,0,15,1.0,0.02,0.005,271,288,0.5,0.1,"bajo",20.0,20.0,-0.15,0.2,15.0,0.0,3.0E-4,0.5,0.1,10.0,0.2857142857142857,0.5,1862799205,0.1,1.0,0.01,0.19999999999999998
149,130,1.0,0.5,0,15,1.0,0.02,0.005,271,288,0.5,0.1,"bajo",20.0,20.0,-0.15,0.2,15.0,0.0,3.0E-4,0.5,0.1,10.0,0.2857142857142857,0.5,1862799205,0.1,1.0,0.01,0.21428571428571427
150,130,1.0,0.5,0,15,1.0,0.02,0.005,271,288,0.5,0.1,"bajo",20.0,20.0,-0.15,0.2,15.0,0.0,3.0E-4,0.5,0.1,10.0,0.2857142857142857,0.5,1862799205,0.1,1.0,0.01,0.22857142857142856
151,130,1.0,0.5,0,15,1.0,0.02,0.005,271,288,0.5,0.1,"bajo",20.0,20.0,-0.15,0.2,15.0,0.0,3.0E-4,0.5,0.1,10.0,0.2857142857142857,0.5,1862799205,0.1,1.0,0.01,0.24285714285714285
152,130,1.0,0.5,0,15,1.0,0.02,0.005,271,288,0.5,0.1,"bajo",20.0,20.0,-0.15,0.2,15.0,0.0,3.0E-4,0.5,0.1,10.0,0.2857142857142857,0.5,1862799205,0.1,1.0,0.01,0.2571428571428571
153,130,1.0,0.5,0,15,1.0,0.02,0.005,271,288,0.5,0.1,"bajo",20.0,20.0,-0.15,0.2,15.0,0.0,3.0E-4,0.5,0.1,10.0,0.2857142857142857,0.5,1862799205,0.1,1.0,0.01,0.2714285714285714
154,130,1.0,0.5,0,15,1.0,0.02,0.005,271,288,0.5,0.1,"bajo",20.0,20.0,-0.15,0.2,15.0,0.0,3.0E-4,0.5,0.1,10.0,0.2857142857142857,0.5,1862799205,0.1,1.0,0.01,0.2857142857142857
155,130,1.0,0.5,0,15,1.0,0.02,0.005,271,288,0.5,0.1,"bajo",20.0,20.0,-0.15,0.2,15.0,0.0,3.0E-4,0.5,0.1,10.0,0.2857142857142857,0.5,1862799205,0.1,1.0,0.01,0.3
156,130,1.0,0.5,0,15,1.0,0.02,0.005,271,288,0.5,0.1,"bajo",20.0,20.0,-0.15,0.2,15.0,0.0,3.0E-4,0.5,0.1,10.0,0.3333333333333333,0.5,1862799205,0.1,1.0,0.01,0.0
157,130,1.0,0.5,0,15,1.0,0.02,0.005,271,288,0.5,0.1,"bajo",20.0,20.0,-0.15,0.2,15.0,0.0,3.0E-4,0.5,0.1,10.0,0.3333333333333333,0.5,1862799205,0.1,1.0,0.01,0.014285714285714285
158,130,1.0,0.5,0,15,1.0,0.02,0.005,271,288,0.5,0.1,"bajo",20.0,20.0,-0.15,0.2,15.0,0.0,3.0E-4,0.5,0.1,10.0,0.3333333333333333,0.5,1862799205,0.1,1.0,0.01,0.02857142857142857
159,130,1.0,0.5,0,15,1.0,0.02,0.005,271,288,0.5,0.1,"bajo",20.0,20.0,-0.15,0.2,15.0,0.0,3.0E-4,0.5,0.1,10.0,0.3333333333333333,0.5,1862799205,0.1,1.0,0.01,0.04285714285714286
160,130,1.0,0.5,0,15,1.0,0.02,0.005,271,288,0.5,0.1,"bajo",20.0,20.0,-0.15,0.2,15.0,0.0,3.0E-4,0.5,0.1,10.0,0.3333333333333333,0.5,1862799205,0.1,1.0,0.01,0.05714285714285714
161,130,1.0,0.5,0,15,1.0,0.02,0.005,271,288,0.5,0.1,"bajo",20.0,20.0,-0.15,0.2,15.0,0.0,3.0E-4,0.5,0.1,10.0,0.3333333333333333,0.5,1862799205,0.1,1.0,0.01,0.07142857142857142
162,130,1.0,0.5,0,15,1.0,0.02,0.005,271,288,0.5,0.1,"bajo",20.0,20.0,-0.15,0.2,15.0,0.0,3.0E-4,0.5,0.1,10.0,0.3333333333333333,0.5,1862799205,0.1,1.0,0.01,0.08571428571428572
163,130,1.0,0.5,0,15,1.0,0.02,0.005,271,288,0.5,0.1,"bajo",20.0,20.0,-0.15,0.2,15.0,0.0,3.0E-4,0.5,0.1,10.0,0.3333333333333333,0.5,1862799205,0.1,1.0,0.01,0.09999999999999999
164,130,1.0,0.5,0,15,1.0,0.02,0.005,271,288,0.5,0.1,"bajo",20.0,20.0,-0.15,0.2,15.0,0.0,3.0E-4,0.5,0.1,10.0,0.3333333333333333,0.5,1862799205,0.1,1.0,0.01,0.11428571428571428
165,130,1.0,0.5,0,15,1.0,0.02,0.005,271,288,0.5,0.1,"bajo",20.0,20.0,-0.15,0.2,15.0,0.0,3.0E-4,0.5,0.1,10.0,0.3333333333333333,0.5,1862799205,0.1,1.0,0.01,0.12857142857142856
166,130,1.0,0.5,0,15,1.0,0.02,0.005,271,288,0.5,0.1,"bajo",20.0,20.0,-0.15,0.2,15.0,0.0,3.0E-4,0.5,0.1,10.0,0.3333333333333333,0.5,1862799205,0.1,1.0,0.01,0.14285714285714285
167,130,1.0,0.5,0,15,1.0,0.02,0.005,271,288,0.5,0.1,"bajo",20.0,20.0,-0.15,0.2,15.0,0.0,3.0E-4,0.5,0.1,10.0,0.3333333333333333,0.5,1862799205,0.1,1.0,0.01,0.15714285714285714
168,130,1.0,0.5,0,15,1.0,0.02,0.005,271,288,0.5,0.1,"bajo",20.0,20.0,-0.15,0.2,15.0,0.0,3.0E-4,0.5,0.1,10.0,0.3333333333333333,0.5,1862799205,0.1,1.0,0.01,0.17142857142857143
169,130,1.0,0.5,0,15,1.0,0.02,0.005,271,288,0.5,0.1,"bajo",20.0,20.0,-0.15,0.2,15.0,0.0,3.0E-4,0.5,0.1,10.0,0.3333333333333333,0.5,1862799205,0.1,1.0,0.01,0.18571428571428572
170,130,1.0,0.5,0,15,1.0,0.02,0.005,271,288,0.5,0.1,"bajo",20.0,20.0,-0.15,0.2,15.0,0.0,3.0E-4,0.5,0.1,10.0,0.3333333333333333,0.5,1862799205,0.1,1.0,0.01,0.19999999999999998
171,130,1.0,0.5,0,15,1.0,0.02,0.005,271,288,0.5,0.1,"bajo",20.0,20.0,-0.15,0.2,15.0,0.0,3.0E-4,0.5,0.1,10.0,0.3333333333333333,0.5,1862799205,0.1,1.0,0.01,0.21428571428571427
172,130,1.0,0.5,0,15,1.0,0.02,0.005,271,288,0.5,0.1,"bajo",20.0,20.0,-0.15,0.2,15.0,0.0,3.0E-4,0.5,0.1,10.0,0.3333333333333333,0.5,1862799205,0.1,1.0,0.01,0.22857142857142856
173,130,1.0,0.5,0,15,1.0,0.02,0.005,271,288,0.5,0.1,"bajo",20.0,20.0,-0.15,0.2,15.0,0.0,3.0E-4,0.5,0.1,10.0,0.3333333333333333,0.5,1862799205,0.1,1.0,0.01,0.24285714285714285
174,130,1.0,0.5,0,15,1.0,0.02,0.005,271,288,0.5,0.1,"bajo",20.0,20.0,-0.15,0.2,15.0,0.0,3.0E-4,0.5,0.1,10.0,0.3333333333333333,0.5,1862799205,0.1,1.0,0.01,0.2571428571428571
175,130,1.0,0.5,0,15,1.0,0.02,0.005,271,288,0.5,0.1,"bajo",20.0,20.0,-0.15,0.2,15.0,0.0,3.0E-4,0.5,0.1,10.0,0.3333333333333333,0.5,1862799205,0.1,1.0,0.01,0.2714285714285714
176,130,1.0,0.5,0,15,1.0,0.02,0.005,271,288,0.5,0.1,"bajo",20.0,20.0,-0.15,0.2,15.0,0.0,3.0E-4,0.5,0.1,10.0,0.3333333333333333,0.5,1862799205,0.1,1.0,0.01,0.2857142857142857
177,130,1.0,0.5,0,15,1.0,0.02,0.005,271,288,0.5,0.1,"bajo",20.0,20.0,-0.15,0.2,15.0,0.0,3.0E-4,0.5,0.1,10.0,0.3333333333333333,0.5,1862799205,0.1,1.0,0.01,0.3
178,130,1.0,0.5,0,15,1.0,0.02,0.005,271,288,0.5,0.1,"bajo",20.0,20.0,-0.15,0.2,15.0,0.0,3.0E-4,0.5,0.1,10.0,0.38095238095238093,0.5,1862799205,0.1,1.0,0.01,0.0
179,130,1.0,0.5,0,15,1.0,0.02,0.005,271,288,0.5,0.1,"bajo",20.0,20.0,-0.15,0.2,15.0,0.0,3.0E-4,0.5,0.1,10.0,0.38095238095238093,0.5,1862799205,0.1,1.0,0.01,0.014285714285714285
180,130,1.0,0.5,0,15,1.0,0.02,0.005,271,288,0.5,0.1,"bajo",20.0,20.0,-0.15,0.2,15.0,0.0,3.0E-4,0.5,0.1,10.0,0.38095238095238093,0.5,1862799205,0.1,1.0,0.01,0.02857142857142857
181,130,1.0,0.5,0,15,1.0,0.02,0.005,271,288,0.5,0.1,"bajo",20.0,20.0,-0.15,0.2,15.0,0.0,3.0E-4,0.5,0.1,10.0,0.38095238095238093,0.5,1862799205,0.1,1.0,0.01,0.04285714285714286
182,130,1.0,0.5,0,15,1.0,0.02,0.005,271,288,0.5,0.1,"bajo",20.0,20.0,-0.15,0.2,15.0,0.0,3.0E-4,0.5,0.1,10.0,0.38095238095238093,0.5,1862799205,0.1,1.0,0.01,0.05714285714285714
183,130,1.0,0.5,0,15,1.0,0.02,0.005,271,288,0.5,0.1,"bajo",20.0,20.0,-0.15,0.2,15.0,0.0,3.0E-4,0.5,0.1,10.0,0.38095238095238093,0.5,1862799205,0.1,1.0,0.01,0.07142857142857142
184,130,1.0,0.5,0,15,1.0,0.02,0.005,271,288,0.5,0.1,"bajo",20.0,20.0,-0.15,0.2,15.0,0.0,3.0E-4,0.5,0.1,10.0,0.38095238095238093,0.5,1862799205,0.1,1.0,0.01,0.08571428571428572
185,130,1.0,0.5,0,15,1.0,0.02,0.005,271,288,0.5,0.1,"bajo",20.0,20.0,-0.15,0.2,15.0,0.0,3.0E-4,0.5,0.1,10.0,0.38095238095238093,0.5,1862799205,0.1,1.0,0.01,0.09999999999999999
186,130,1.0,0.5,0,15,1.0,0.02,0.005,271,288,0.5,0.1,"bajo",20.0,20.0,-0.15,0.2,15.0,0.0,3.0E-4,0.5,0.1,10.0,0.38095238095238093,0.5,1862799205,0.1,1.0,0.01,0.11428571428571428
187,130,1.0,0.5,0,15,1.0,0.02,0.005,271,288,0.5,0.1,"bajo",20.0,20.0,-0.15,0.2,15.0,0.0,3.0E-4,0.5,0.1,10.0,0.38095238095238093,0.5,1862799205,0.1,1.0,0.01,0.12857142857142856
188,130,1.0,0.5,0,15,1.0,0.02,0.005,271,288,0.5,0.1,"bajo",20.0,20.0,-0.15,0.2,15.0,0.0,3.0E-4,0.5,0.1,10.0,0.38095238095238093,0.5,1862799205,0.1,1.0,0.01,0.14285714285714285
189,130,1.0,0.5,0,15,1.0,0.02,0.005,271,288,0.5,0.1,"bajo",20.0,20.0,-0.15,0.2,15.0,0.0,3.0E-4,0.5,0.1,10.0,0.38095238095238093,0.5,1862799205,0.1,1.0,0.01,0.15714285714285714
190,130,1.0,0.5,0,15,1.0,0.02,0.005,271,288,0.5,0.1,"bajo",20.0,20.0,-0.15,0.2,15.0,0.0,3.0E-4,0.5,0.1,10.0,0.38095238095238093,0.5,1862799205,0.1,1.0,0.01,0.17142857142857143
191,130,1.0,0.5,0,15,1.0,0.02,0.005,271,288,0.5,0.1,"bajo",20.0,20.0,-0.15,0.2,15.0,0.0,3.0E-4,0.5,0.1,10.0,0.38095238095238093,0.5,1862799205,0.1,1.0,0.01,0.18571428571428572
192,130,1.0,0.5,0,15,1.0,0.02,0.005,271,288,0.5,0.1,"bajo",20.0,20.0,-0.15,0.2,15.0,0.0,3.0E-4,0.5,0.1,10.0,0.38095238095238093,0.5,1862799205,0.1,1.0,0.01,0.19999999999999998
193,130,1.0,0.5,0,15,1.0,0.02,0.005,271,288,0.5,0.1,"bajo",20.0,20.0,-0.15,0.2,15.0,0.0,3.0E-4,0.5,0.1,10.0,0.38095238095238093,0.5,1862799205,0.1,1.0,0.01,0.21428571428571427
194,130,1.0,0.5,0,15,1.0,0.02,0.005,271,288,0.5,0.1,"bajo",20.0,20.0,-0.15,0.2,15.0,0.0,3.0E-4,0.5,0.1,10.0,0.38095238095238093,0.5,1862799205,0.1,1.0,0.01,0.22857142857142856
195,130,1.0,0.5,0,15,1.0,0.02,0.005,271,288,0.5,0.1,"bajo",20.0,20.0,-0.15,0.2,15.0,0.0,3.0E-4,0.5,0.1,10.0,0.38095238095238093,0.5,1862799205,0.1,1.0,0.01,0.24285714285714285
196,130,1.0,0.5,0,15,1.0,0.02,0.005,271,288,0.5,0.1,"bajo",20.0,20.0,-0.15,0.2,15.0,0.0,3.0E-4,0.5,0.1,10.0,0.38095238095238093,0.5,1862799205,0.1,1.0,0.01,0.2571428571428571
197,130,1.0,0.5,0,15,1.0,0.02,0.005,271,288,0.5,0.1,"bajo",20.0,20.0,-0.15,0.2,15.0,0.0,3.0E-4,0.5,0.1,10.0,0.38095238095238093,0.5,1862799205,0.1,1.0,0.01,0.2714285714285714
198,130,1.0,0.5,0,15,1.0,0.02,0.005,271,288,0.5,0.1,"bajo",20.0,20.0,-0.15,0.2,15.0,0.0,3.0E-4,0.5,0.1,10.0,0.38095238095238093,0.5,1862799205,0.1,1.0,0.01,0.2857142857142857
199,130,1.0,0.5,0,15,1.0,0.02,0.005,271,288,0.5,0.1,"bajo",20.0,20.0,-0.15,0.2,15.0,0.0,3.0E-4,0.5,0.1,10.0,0.38095238095238093,0.5,1862799205,0.1,1.0,0.01,0.3
200,130,1.0,0.5,0,15,1.0,0.02,0.005,271,288,0.5,0.1,"bajo",20.0,20.0,-0.15,0.2,15.0,0.0,3.0E-4,0.5,0.1,10.0,0.42857142857142855,0.5,1862799205,0.1,1.0,0.01,0.0
201,130,1.0,0.5,0,15,1.0,0.02,0.005,271,288,0.5,0.1,"bajo",20.0,20.0,-0.15,0.2,15.0,0.0,3.0E-4,0.5,0.1,10.0,0.42857142857142855,0.5,1862799205,0.1,1.0,0.01,0.014285714285714285
202,130,1.0,0.5,0,15,1.0,0.02,0.005,271,288,0.5,0.1,"bajo",20.0,20.0,-0.15,0.2,15.0,0.0,3.0E-4,0.5,0.1,10.0,0.42857142857142855,0.5,1862799205,0.1,1.0,0.01,0.02857142857142857
203,130,1.0,0.5,0,15,1.0,0.02,0.005,271,288,0.5,0.1,"bajo",20.0,20.0,-0.15,0.2,15.0,0.0,3.0E-4,0.5,0.1,10.0,0.42857142857142855,0.5,1862799205,0.1,1.0,0.01,0.04285714285714286
204,130,1.0,0.5,0,15,1.0,0.02,0.005,271,288,0.5,0.1,"bajo",20.0,20.0,-0.15,0.2,15.0,0.0,3.0E-4,0.5,0.1,10.0,0.42857142857142855,0.5,1862799205,0.1,1.0,0.01,0.05714285714285714
205,130,1.0,0.5,0,15,1.0,0.02,0.005,271,288,0.5,0.1,"bajo",20.0,20.0,-0.15,0.2,15.0,0.0,3.0E-4,0.5,0.1,10.0,0.42857142857142855,0.5,1862799205,0.1,1.0,0.01,0.07142857142857142
206,130,1.0,0.5,0,15,1.0,0.02,0.005,271,288,0.5,0.1,"bajo",20.0,20.0,-0.15,0.2,15.0,0.0,3.0E-4,0.5,0.1,10.0,0.42857142857142855,0.5,1862799205,0.1,1.0,0.01,0.08571428571428572
207,130,1.0,0.5,0,15,1.0,0.02,0.005,271,288,0.5,0.1,"bajo",20.0,20.0,-0.15,0.2,15.0,0.0,3.0E-4,0.5,0.1,10.0,0.42857142857142855,0.5,1862799205,0.1,1.0,0.01,0.09999999999999999
208,130,1.0,0.5,0,15,1.0,0.02,0.005,271,288,0.5,0.1,"bajo",20.0,20.0,-0.15,0.2,15.0,0.0,3.0E-4,0.5,0.1,10.0,0.42857142857142855,0.5,1862799205,0.1,1.0,0.01,0.11428571428571428
209,130,1.0,0.5,0,15,1.0,0.02,0.005,271,288,0.5,0.1,"bajo",20.0,20.0,-0.15,0.2,15.0,0.0,3.0E-4,0.5,0.1,10.0,0.42857142857142855,0.5,1862799205,0.1,1.0,0.01,0.12857142857142856
210,130,1.0,0.5,0,15,1.0,0.02,0.005,271,288,0.5,0.1,"bajo",20.0,20.0,-0.15,0.2,15.0,0.0,3.0E-4,0.5,0.1,10.0,0.42857142857142855,0.5,1862799205,0.1,1.0,0.01,0.14285714285714285
211,130,1.0,0.5,0,15,1.0,0.02,0.005,271,288,0.5,0.1,"bajo",20.0,20.0,-0.15,0.2,15.0,0.0,3.0E-4,0.5,0.1,10.0,0.42857142857142855,0.5,1862799205,0.1,1.0,0.01,0.15714285714285714
212,130,1.0,0.5,0,15,1.0,0.02,0.005,271,288,0.5,0.1,"bajo",20.0,20.0,-0.15,0.2,15.0,0.0,3.0E-4,0.5,0.1,10.0,0.42857142857142855,0.5,1862799205,0.1,1.0,0.01,0.17142857142857143
213,130,1.0,0.5,0,15,1.0,0.02,0.005,271,288,0.5,0.1,"bajo",20.0,20.0,-0.15,0.2,15.0,0.0,3.0E-4,0.5,0.1,10.0,0.42857142857142855,0.5,1862799205,0.1,1.0,0.01,0.18571428571428572
214,130,1.0,0.5,0,15,1.0,0.02,0.005,271,288,0.5,0.1,"bajo",20.0,20.0,-0.15,0.2,15.0,0.0,3.0E-4,0.5,0.1,10.0,0.42857142857142855,0.5,1862799205,0.1,1.0,0.01,0.19999999999999998
215,130,1.0,0.5,0,15,1.0,0.02,0.005,271,288,0.5,0.1,"bajo",20.0,20.0,-0.15,0.2,15.0,0.0,3.0E-4,0.5,0.1,10.0,0.42857142857142855,0.5,1862799205,0.1,1.0,0.01,0.21428571428571427
216,130,1.0,0.5,0,15,1.0,0.02,0.005,271,288,0.5,0.1,"bajo",20.0,20.0,-0.15,0.2,15.0,0.0,3.0E-4,0.5,0.1,10.0,0.42857142857142855,0.5,1862799205,0.1,1.0,0.01,0.22857142857142856
217,130,1.0,0.5,0,15,1.0,0.02,0.005,271,288,0.5,0.1,"bajo",20.0,20.0,-0.15,0.2,15.0,0.0,3.0E-4,0.5,0.1,10.0,0.42857142857142855,0.5,1862799205,0.1,1.0,0.01,0.24285714285714285
218,130,1.0,0.5,0,15,1.0,0.02,0.005,271,288,0.5,0.1,"bajo",20.0,20.0,-0.15,0.2,15.0,0.0,3.0E-4,0.5,0.1,10.0,0.42857142857142855,0.5,1862799205,0.1,1.0,0.01,0.2571428571428571
219,130,1.0,0.5,0,15,1.0,0.02,0.005,271,288,0.5,0.1,"bajo",20.0,20.0,-0.15,0.2,15.0,0.0,3.0E-4,0.5,0.1,10.0,0.42857142857142855,0.5,1862799205,0.1,1.0,0.01,0.2714285714285714
220,130,1.0,0.5,0,15,1.0,0.02,0.005,271,288,0.5,0.1,"bajo",20.0,20.0,-0.15,0.2,15.0,0.0,3.0E-4,0.5,0.1,10.0,0.42857142857142855,0.5,1862799205,0.1,1.0,0.01,0.2857142857142857
221,130,1.0,0.5,0,15,1.0,0.02,0.005,271,288,0.5,0.1,"bajo",20.0,20.0,-0.15,0.2,15.0,0.0,3.0E-4,0.5,0.1,10.0,0.42857142857142855,0.5,1862799205,0.1,1.0,0.01,0.3
222,130,1.0,0.5,0,15,1.0,0.02,0.005,271,288,0.5,0.1,"bajo",20.0,20.0,-0.15,0.2,15.0,0.0,3.0E-4,0.5,0.1,10.0,0.47619047619047616,0.5,1862799205,0.1,1.0,0.01,0.0
223,130,1.0,0.5,0,15,1.0,0.02,0.005,271,288,0.5,0.1,"bajo",20.0,20.0,-0.15,0.2,15.0,0.0,3.0E-4,0.5,0.1,10.0,0.47619047619047616,0.5,1862799205,0.1,1.0,0.01,0.014285714285714285
224,130,1.0,0.5,0,15,1.0,0.02,0.005,271,288,0.5,0.1,"bajo",20.0,20.0,-0.15,0.2,15.0,0.0,3.0E-4,0.5,0.1,10.0,0.47619047619047616,0.5,1862799205,0.1,1.0,0.01,0.02857142857142857
225,130,1.0,0.5,0,15,1.0,0.02,0.005,271,288,0.5,0.1,"bajo",20.0,20.0,-0.15,0.2,15.0,0.0,3.0E-4,0.5,0.1,10.0,0.47619047619047616,0.5,1862799205,0.1,1.0,0.01,0.04285714285714286
226,130,1.0,0.5,0,15,1.0,0.02,0.005,271,288,0.5,0.1,"bajo",20.0,20.0,-0.15,0.2,15.0,0.0,3.0E-4,0.5,0.1,10.0,0.47619047619047616,0.5,1862799205,0.1,1.0,0.01,0.05714285714285714
227,130,1.0,0.5,0,15,1.0,0.02,0.005,271,288,0.5,0.1,"bajo",20.0,20.0,-0.15,0.2,15.0,0.0,3.0E-4,0.5,0.1,10.0,0.47619047619047616,0.5,1862799205,0.1,1.0,0.01,0.07142857142857142
228,130,1.0,0.5,0,15,1.0,0.02,0.005,271,288,0.5,0.1,"bajo",20.0,20.0,-0.15,0.2,15.0,0.0,3.0E-4,0.5,0.1,10.0,0.47619047619047616,0.5,1862799205,0.1,1.0,0.01,0.08571428571428572
229,130,1.0,0.5,0,15,1.0,0.02,0.005,271,288,0.5,0.1,"bajo",20.0,20.0,-0.15,0.2,15.0,0.0,3.0E-4,0.5,0.1,10.0,0.47619047619047616,0.5,1862799205,0.1,1.0,0.01,0.09999999999999999
230,130,1.0,0.5,0,15,1.0,0.02,0.005,271,288,0.5,0.1,"bajo",20.0,20.0,-0.15,0.2,15.0,0.0,3.0E-4,0.5,0.1,10.0,0.47619047619047616,0.5,1862799205,0.1,1.0,0.01,0.11428571428571428
231,130,1.0,0.5,0,15,1.0,0.02,0.005,271,288,0.5,0.1,"bajo",20.0,20.0,-0.15,0.2,15.0,0.0,3.0E-4,0.5,0.1,10.0,0.47619047619047616,0.5,1862799205,0.1,1.0,0.01,0.12857142857142856
232,130,1.0,0.5,0,15,1.0,0.02,0.005,271,288,0.5,0.1,"bajo",20.0,20.0,-0.15,0.2,15.0,0.0,3.0E-4,0.5,0.1,10.0,0.47619047619047616,0.5,1862799205,0.1,1.0,0.01,0.14285714285714285
233,130,1.0,0.5,0,15,1.0,0.02,0.005,271,288,0.5,0.1,"bajo",20.0,20.0,-0.15,0.2,15.0,0.0,3.0E-4,0.5,0.1,10.0,0.47619047619047616,0.5,1862799205,0.1,1.0,0.01,0.15714285714285714
234,130,1.0,0.5,0,15,1.0,0.02,0.005,271,288,0.5,0.1,"bajo",20.0,20.0,-0.15,0.2,15.0,0.0,3.0E-4,0.5,0.1,10.0,0.47619047619047616,0.5,1862799205,0.1,1.0,0.01,0.17142857142857143
235,130,1.0,0.5,0,15,1.0,0.02,0.005,271,288,0.5,0.1,"bajo",20.0,20.0,-0.15,0.2,15.0,0.0,3.0E-4,0.5,0.1,10.0,0.47619047619047616,0.5,1862799205,0.1,1.0,0.01,0.18571428571428572
236,130,1.0,0.5,0,15,1.0,0.02,0.005,271,288,0.5,0.1,"bajo",20.0,20.0,-0.15,0.2,15.0,0.0,3.0E-4,0.5,0.1,10.0,0.47619047619047616,0.5,1862799205,0.1,1.0,0.01,0.19999999999999998
237,130,1.0,0.5,0,15,1.0,0.02,0.005,271,288,0.5,0.1,"bajo",20.0,20.0,-0.15,0.2,15.0,0.0,3.0E-4,0.5,0.1,10.0,0.47619047619047616,0.5,1862799205,0.1,1.0,0.01,0.21428571428571427
238,130,1.0,0.5,0,15,1.0,0.02,0.005,271,288,0.5,0.1,"bajo",20.0,20.0,-0.15,0.2,15.0,0.0,3.0E-4,0.5,0.1,10.0,0.47619047619047616,0.5,1862799205,0.1,1.0,0.01,0.22857142857142856
239,130,1.0,0.5,0,15,1.0,0.02,0.005,271,288,0.5,0.1,"bajo",20.0,20.0,-0.15,0.2,15.0,0.0,3.0E-4,0.5,0.1,10.0,0.47619047619047616,0.5,1862799205,0.1,1.0,0.01,0.24285714285714285
240,130,1.0,0.5,0,15,1.0,0.02,0.005,271,288,0.5,0.1,"bajo",20.0,20.0,-0.15,0.2,15.0,0.0,3.0E-4,0.5,0.1,10.0,0.47619047619047616,0.5,1862799205,0.1,1.0,0.01,0.2571428571428571
241,130,1.0,0.5,0,15,1.0,0.02,0.005,271,288,0.5,0.1,"bajo",20.0,20.0,-0.15,0.2,15.0,0.0,3.0E-4,0.5,0.1,10.0,0.47619047619047616,0.5,1862799205,0.1,1.0,0.01,0.2714285714285714
242,130,1.0,0.5,0,15,1.0,0.02,0.005,271,288,0.5,0.1,"bajo",20.0,20.0,-0.15,0.2,15.0,0.0,3.0E-4,0.5,0.1,10.0,0.47619047619047616,0.5,1862799205,0.1,1.0,0.01,0.2857142857142857
243,130,1.0,0.5,0,15,1.0,0.02,0.005,271,288,0.5,0.1,"bajo",20.0,20.0,-0.15,0.2,15.0,0.0,3.0E-4,0.5,0.1,10.0,0.47619047619047616,0.5,1862799205,0.1,1.0,0.01,0.3
244,130,1.0,0.5,0,15,1.0,0.02,0.005,271,288,0.5,0.1,"bajo",20.0,20.0,-0.15,0.2,15.0,0.0,3.0E-4,0.5,0.1,10.0,0.5238095238095237,0.5,1862799205,0.1,1.0,0.01,0.0
245,130,1.0,0.5,0,15,1.0,0.02,0.005,271,288,0.5,0.1,"bajo",20.0,20.0,-0.15,0.2,15.0,0.0,3.0E-4,0.5,0.1,10.0,0.5238095238095237,0.5,1862799205,0.1,1.0,0.01,0.014285714285714285
246,130,1.0,0.5,0,15,1.0,0.02,0.005,271,288,0.5,0.1,"bajo",20.0,20.0,-0.15,0.2,15.0,0.0,3.0E-4,0.5,0.1,10.0,0.5238095238095237,0.5,1862799205,0.1,1.0,0.01,0.02857142857142857
247,130,1.0,0.5,0,15,1.0,0.02,0.005,271,288,0.5,0.1,"bajo",20.0,20.0,-0.15,0.2,15.0,0.0,3.0E-4,0.5,0.1,10.0,0.5238095238095237,0.5,1862799205,0.1,1.0,0.01,0.04285714285714286
248,130,1.0,0.5,0,15,1.0,0.02,0.005,271,288,0.5,0.1,"bajo",20.0,20.0,-0.15,0.2,15.0,0.0,3.0E-4,0.5,0.1,10.0,0.5238095238095237,0.5,1862799205,0.1,1.0,0.01,0.05714285714285714
249,130,1.0,0.5,0,15,1.0,0.02,0.005,271,288,0.5,0.1,"bajo",20.0,20.0,-0.15,0.2,15.0,0.0,3.0E-4,0.5,0.1,10.0,0.5238095238095237,0.5,1862799205,0.1,1.0,0.01,0.07142857142857142
250,130,1.0,0.5,0,15,1.0,0.02,0.005,271,288,0.5,0.1,"bajo",20.0,20.0,-0.15,0.2,15.0,0.0,3.0E-4,0.5,0.1,10.0,0.5238095238095237,0.5,1862799205,0.1,1.0,0.01,0.08571428571428572
251,130,1.0,0.5,0,15,1.0,0.02,0.005,271,288,0.5,0.1,"bajo",20.0,20.0,-0.15,0.2,15.0,0.0,3.0E-4,0.5,0.1,10.0,0.5238095238095237,0.5,1862799205,0.1,1.0,0.01,0.09999999999999999
252,130,1.0,0.5,0,15,1.0,0.02,0.005,271,288,0.5,0.1,"bajo",20.0,20.0,-0.15,0.2,15.0,0.0,3.0E-4,0.5,0.1,10.0,0.5238095238095237,0.5,1862799205,0.1,1.0,0.01,0.11428571428571428
253,130,1.0,0.5,0,15,1.0,0.02,0.005,271,288,0.5,0.1,"bajo",20.0,20.0,-0.15,0.2,15.0,0.0,3.0E-4,0.5,0.1,10.0,0.5238095238095237,0.5,1862799205,0.1,1.0,0.01,0.12857142857142856
254,130,1.0,0.5,0,15,1.0,0.02,0.005,271,288,0.5,0.1,"bajo",20.0,20.0,-0.15,0.2,15.0,0.0,3.0E-4,0.5,0.1,10.0,0.5238095238095237,0.5,1862799205,0.1,1.0,0.01,0.14285714285714285
255,130,1.0,0.5,0,15,1.0,0.02,0.005,271,288,0.5,0.1,"bajo",20.0,20.0,-0.15,0.2,15.0,0.0,3.0E-4,0.5,0.1,10.0,0.5238095238095237,0.5,1862799205,0.1,1.0,0.01,0.15714285714285714
256,130,1.0,0.5,0,15,1.0,0.02,0.005,271,288,0.5,0.1,"bajo",20.0,20.0,-0.15,0.2,15.0,0.0,3.0E-4,0.5,0.1,10.0,0.5238095238095237,0.5,1862799205,0.1,1.0,0.01,0.17142857142857143
257,130,1.0,0.5,0,15,1.0,0.02,0.005,271,288,0.5,0.1,"bajo",20.0,20.0,-0.15,0.2,15.0,0.0,3.0E-4,0.5,0.1,10.0,0.5238095238095237,0.5,1862799205,0.1,1.0,0.01,0.18571428571428572
258,130,1.0,0.5,0,15,1.0,0.02,0.005,271,288,0.5,0.1,"bajo",20.0,20.0,-0.15,0.2,15.0,0.0,3.0E-4,0.5,0.1,10.0,0.5238095238095237,0.5,1862799205,0.1,1.0,0.01,0.19999999999999998
259,130,1.0,0.5,0,15,1.0,0.02,0.005,271,288,0.5,0.1,"bajo",20.0,20.0,-0.15,0.2,15.0,0.0,3.0E-4,0.5,0.1,10.0,0.5238095238095237,0.5,1862799205,0.1,1.0,0.01,0.21428571428571427
260,130,1.0,0.5,0,15,1.0,0.02,0.005,271,288,0.5,0.1,"bajo",20.0,20.0,-0.15,0.2,15.0,0.0,3.0E-4,0.5,0.1,10.0,0.5238095238095237,0.5,1862799205,0.1,1.0,0.01,0.22857142857142856
261,130,1.0,0.5,0,15,1.0,0.02,0.005,271,288,0.5,0.1,"bajo",20.0,20.0,-0.15,0.2,15.0,0.0,3.0E-4,0.5,0.1,10.0,0.5238095238095237,0.5,1862799205,0.1,1.0,0.01,0.24285714285714285
262,130,1.0,0.5,0,15,1.0,0.02,0.005,271,288,0.5,0.1,"bajo",20.0,20.0,-0.15,0.2,15.0,0.0,3.0E-4,0.5,0.1,10.0,0.5238095238095237,0.5,1862799205,0.1,1.0,0.01,0.2571428571428571
263,130,1.0,0.5,0,15,1.0,0.02,0.005,271,288,0.5,0.1,"bajo",20.0,20.0,-0.15,0.2,15.0,0.0,3.0E-4,0.5,0.1,10.0,0.5238095238095237,0.5,1862799205,0.1,1.0,0.01,0.2714285714285714
264,130,1.0,0.5,0,15,1.0,0.02,0.005,271,288,0.5,0.1,"bajo",20.0,20.0,-0.15,0.2,15.0,0.0,3.0E-4,0.5,0.1,10.0,0.5238095238095237,0.5,1862799205,0.1,1.0,0.01,0.2857142857142857
265,130,1.0,0.5,0,15,1.0,0.02,0.005,271,288,0.5,0.1,"bajo",20.0,20.0,-0.15,0.2,15.0,0.0,3.0E-4,0.5,0.1,10.0,0.5238095238095237,0.5,1862799205,0.1,1.0,0.01,0.3
266,130,1.0,0.5,0,15,1.0,0.02,0.005,271,288,0.5,0.1,"bajo",20.0,20.0,-0.15,0.2,15.0,0.0,3.0E-4,0.5,0.1,10.0,0.5714285714285714,0.5,1862799205,0.1,1.0,0.01,0.0
267,130,1.0,0.5,0,15,1.0,0.02,0.005,271,288,0.5,0.1,"bajo",20.0,20.0,-0.15,0.2,15.0,0.0,3.0E-4,0.5,0.1,10.0,0.5714285714285714,0.5,1862799205,0.1,1.0,0.01,0.014285714285714285
268,130,1.0,0.5,0,15,1.0,0.02,0.005,271,288,0.5,0.1,"bajo",20.0,20.0,-0.15,0.2,15.0,0.0,3.0E-4,0.5,0.1,10.0,0.5714285714285714,0.5,1862799205,0.1,1.0,0.01,0.02857142857142857
269,130,1.0,0.5,0,15,1.0,0.02,0.005,271,288,0.5,0.1,"bajo",20.0,20.0,-0.15,0.2,15.0,0.0,3.0E-4,0.5,0.1,10.0,0.5714285714285714,0.5,1862799205,0.1,1.0,0.01,0.04285714285714286
270,130,1.0,0.5,0,15,1.0,0.02,0.005,271,288,0.5,0.1,"bajo",20.0,20.0,-0.15,0.2,15.0,0.0,3.0E-4,0.5,0.1,10.0,0.5714285714285714,0.5,1862799205,0.1,1.0,0.01,0.05714285714285714
271,130,1.0,0.5,0,15,1.0,0.02,0.005,271,288,0.5,0.1,"bajo",20.0,20.0,-0.15,0.2,15.0,0.0,3.0E-4,0.5,0.1,10.0,0.5714285714285714,0.5,1862799205,0.1,1.0,0.01,0.07142857142857142
272,130,1.0,0.5,0,15,1.0,0.02,0.005,271,288,0.5,0.1,"bajo",20.0,20.0,-0.15,0.2,15.0,0.0,3.0E-4,0.5,0.1,10.0,0.5714285714285714,0.5,1862799205,0.1,1.0,0.01,0.08571428571428572
273,130,1.0,0.5,0,15,1.0,0.02,0.005,271,288,0.5,0.1,"bajo",20.0,20.0,-0.15,0.2,15.0,0.0,3.0E-4,0.5,0.1,10.0,0.5714285714285714,0.5,1862799205,0.1,1.0,0.01,0.09999999999999999
274,130,1.0,0.5,0,15,1.0,0.02,0.005,271,288,0.5,0.1,"bajo",20.0,20.0,-0.15,0.2,15.0,0.0,3.0E-4,0.5,0.1,10.0,0.5714285714285714,0.5,1862799205,0.1,1.0,0.01,0.11428571428571428
275,130,1.0,0.5,0,15,1.0,0.02,0.005,271,288,0.5,0.1,"bajo",20.0,20.0,-0.15,0.2,15.0,0.0,3.0E-4,0.5,0.1,10.0,0.5714285714285714,0.5,1862799205,0.1,1.0,0.01,0.12857142857142856
276,130,1.0,0.5,0,15,1.0,0.02,0.005,271,288,0.5,0.1,"bajo",20.0,20.0,-0.15,0.2,15.0,0.0,3.0E-4,0.5,0.1,10.0,0.5714285714285714,0.5,1862799205,0.1,1.0,0.01,0.14285714285714285
277,130,1.0,0.5,0,15,1.0,0.02,0.005,271,288,0.5,0.1,"bajo",20.0,20.0,-0.15,0.2,15.0,0.0,3.0E-4,0.5,0.1,10.0,0.5714285714285714,0.5,1862799205,0.1,1.0,0.01,0.15714285714285714
278,130,1.0,0.5,0,15,1.0,0.02,0.005,271,288,0.5,0.1,"bajo",20.0,20.0,-0.15,0.2,15.0,0.0,3.0E-4,0.5,0.1,10.0,0.5714285714285714,0.5,1862799205,0.1,1.0,0.01,0.17142857142857143
279,130,1.0,0.5,0,15,1.0,0.02,0.005,271,288,0.5,0.1,"bajo",20.0,20.0,-0.15,0.2,15.0,0.0,3.0E-4,0.5,0.1,10.0,0.5714285714285714,0.5,1862799205,0.1,1.0,0.01,0.18571428571428572
280,130,1.0,0.5,0,15,1.0,0.02,0.005,271,288,0.5,0.1,"bajo",20.0,20.0,-0.15,0.2,15.0,0.0,3.0E-4,0.5,0.1,10.0,0.5714285714285714,0.5,1862799205,0.1,1.0,0.01,0.19999999999999998
281,130,1.0,0.5,0,15,1.0,0.02,0.005,271,288,0.5,0.1,"bajo",20.0,20.0,-0.15,0.2,15.0,0.0,3.0E-4,0.5,0.1,10.0,0.5714285714285714,0.5,1862799205,0.1,1.0,0.01,0.21428571428571427
282,130,1.0,0.5,0,15,1.0,0.02,0.005,271,288,0.5,0.1,"bajo",20.0,20.0,-0.15,0.2,15.0,0.0,3.0E-4,0.5,0.1,10.0,0.5714285714285714,0.5,1862799205,0.1,1.0,0.01,0.22857142857142856
283,130,1.0,0.5,0,15,1.0,0.02,0.005,271,288,0.5,0.1,"bajo",20.0,20.0,-0.15,0.2,15.0,0.0,3.0E-4,0.5,0.1,10.0,0.5714285714285714,0.5,1862799205,0.1,1.0,0.01,0.24285714285714285
284,130,1.0,0.5,0,15,1.0,0.02,0.005,271,288,0.5,0.1,"bajo",20.0,20.0,-0.15,0.2,15.0,0.0,3.0E-4,0.5,0.1,10.0,0.5714285714285714,0.5,1862799205,0.1,1.0,0.01,0.2571428571428571
285,130,1.0,0.5,0,15,1.0,0.02,0.005,271,288,0.5,0.1,"bajo",20.0,20.0,-0.15,0.2,15.0,0.0,3.0E-4,0.5,0.1,10.0,0.5714285714285714,0.5,1862799205,0.1,1.0,0.01,0.2714285714285714
286,130,1.0,0.5,0,15,1.0,0.02,0.005,271,288,0.5,0.1,"bajo",20.0,20.0,-0.15,0.2,15.0,0.0,3.0E-4,0.5,0.1,10.0,0.5714285714285714,0.5,1862799205,0.1,1.0,0.01,0.2857142857142857
287,130,1.0,0.5,0,15,1.0,0.02,0.005,271,288,0.5,0.1,"bajo",20.0,20.0,-0.15,0.2,15.0,0.0,3.0E-4,0.5,0.1,10.0,0.5714285714285714,0.5,1862799205,0.1,1.0,0.01,0.3
288,130,1.0,0.5,0,15,1.0,0.02,0.005,271,288,0.5,0.1,"bajo",20.0,20.0,-0.15,0.2,15.0,0.0,3.0E-4,0.5,0.1,10.0,0.6190476190476191,0.5,1862799205,0.1,1.0,0.01,0.0
289,130,1.0,0.5,0,15,1.0,0.02,0.005,271,288,0.5,0.1,"bajo",20.0,20.0,-0.15,0.2,15.0,0.0,3.0E-4,0.5,0.1,10.0,0.6190476190476191,0.5,1862799205,0.1,1.0,0.01,0.014285714285714285
290,130,1.0,0.5,0,15,1.0,0.02,0.005,271,288,0.5,0.1,"bajo",20.0,20.0,-0.15,0.2,15.0,0.0,3.0E-4,0.5,0.1,10.0,0.6190476190476191,0.5,1862799205,0.1,1.0,0.01,0.02857142857142857
291,130,1.0,0.5,0,15,1.0,0.02,0.005,271,288,0.5,0.1,"bajo",20.0,20.0,-0.15,0.2,15.0,0.0,3.0E-4,0.5,0.1,10.0,0.6190476190476191,0.5,1862799205,0.1,1.0,0.01,0.04285714285714286
292,130,1.0,0.5,0,15,1.0,0.02,0.005,271,288,0.5,0.1,"bajo",20.0,20.0,-0.15,0.2,15.0,0.0,3.0E-4,0.5,0.1,10.0,0.6190476190476191,0.5,1862799205,0.1,1.0,0.01,0.05714285714285714
293,130,1.0,0.5,0,15,1.0,0.02,0.005,271,288,0.5,0.1,"bajo",20.0,20.0,-0.15,0.2,15.0,0.0,3.0E-4,0.5,0.1,10.0,0.6190476190476191,0.5,1862799205,0.1,1.0,0.01,0.07142857142857142
294,130,1.0,0.5,0,15,1.0,0.02,0.005,271,288,0.5,0.1,"bajo",20.0,20.0,-0.15,0.2,15.0,0.0,3.0E-4,0.5,0.1,10.0,0.6190476190476191,0.5,1862799205,0.1,1.0,0.01,0.08571428571428572
295,130,1.0,0.5,0,15,1.0,0.02,0.005,271,288,0.5,0.1,"bajo",20.0,20.0,-0.15,0.2,15.0,0.0,3.0E-4,0.5,0.1,10.0,0.6190476190476191,0.5,1862799205,0.1,1.0,0.01,0.09999999999999999
296,130,1.0,0.5,0,15,1.0,0.02,0.005,271,288,0.5,0.1,"bajo",20.0,20.0,-0.15,0.2,15.0,0.0,3.0E-4,0.5,0.1,10.0,0.6190476190476191,0.5,1862799205,0.1,1.0,0.01,0.11428571428571428
297,130,1.0,0.5,0,15,1.0,0.02,0.005,271,288,0.5,0.1,"bajo",20.0,20.0,-0.15,0.2,15.0,0.0,3.0E-4,0.5,0.1,10.0,0.6190476190476191,0.5,1862799205,0.1,1.0,0.01,0.12857142857142856
298,130,1.0,0.5,0,15,1.0,0.02,0.005,271,288,0.5,0.1,"bajo",20.0,20.0,-0.15,0.2,15.0,0.0,3.0E-4,0.5,0.1,10.0,0.6190476190476191,0.5,1862799205,0.1,1.0,0.01,0.14285714285714285
299,130,1.0,0.5,0,15,1.0,0.02,0.005,271,288,0.5,0.1,"bajo",20.0,20.0,-0.15,0.2,15.0,0.0,3.0E-4,0.5,0.1,10.0,0.6190476190476191,0.5,1862799205,0.1,1.0,0.01,0.15714285714285714
300,130,1.0,0.5,0,15,1.0,0.02,0.005,271,288,0.5,0.1,"bajo",20.0,20.0,-0.15,0.2,15.0,0.0,3.0E-4,0.5,0.1,10.0,0.6190476190476191,0.5,1862799205,0.1,1.0,0.01,0.17142857142857143
301,130,1.0,0.5,0,15,1.0,0.02,0.005,271,288,0.5,0.1,"bajo",20.0,20.0,-0.15,0.2,15.0,0.0,3.0E-4,0.5,0.1,10.0,0.6190476190476191,0.5,1862799205,0.1,1.0,0.01,0.18571428571428572
302,130,1.0,0.5,0,15,1.0,0.02,0.005,271,288,0.5,0.1,"bajo",20.0,20.0,-0.15,0.2,15.0,0.0,3.0E-4,0.5,0.1,10.0,0.6190476190476191,0.5,1862799205,0.1,1.0,0.01,0.19999999999999998
303,130,1.0,0.5,0,15,1.0,0.02,0.005,271,288,0.5,0.1,"bajo",20.0,20.0,-0.15,0.2,15.0,0.0,3.0E-4,0.5,0.1,10.0,0.6190476190476191,0.5,1862799205,0.1,1.0,0.01,0.21428571428571427
304,130,1.0,0.5,0,15,1.0,0.02,0.005,271,288,0.5,0.1,"bajo",20.0,20.0,-0.15,0.2,15.0,0.0,3.0E-4,0.5,0.1,10.0,0.6190476190476191,0.5,1862799205,0.1,1.0,0.01,0.22857142857142856
305,130,1.0,0.5,0,15,1.0,0.02,0.005,271,288,0.5,0.1,"bajo",20.0,20.0,-0.15,0.2,15.0,0.0,3.0E-4,0.5,0.1,10.0,0.6190476190476191,0.5,1862799205,0.1,1.0,0.01,0.24285714285714285
306,130,1.0,0.5,0,15,1.0,0.02,0.005,271,288,0.5,0.1,"bajo",20.0,20.0,-0.15,0.2,15.0,0.0,3.0E-4,0.5,0.1,10.0,0.6190476190476191,0.5,1862799205,0.1,1.0,0.01,0.2571428571428571
307,130,1.0,0.5,0,15,1.0,0.02,0.005,271,288,0.5,0.1,"bajo",20.0,20.0,-0.15,0.2,15.0,0.0,3.0E-4,0.5,0.1,10.0,0.6190476190476191,0.5,1862799205,0.1,1.0,0.01,0.2714285714285714
308,130,1.0,0.5,0,15,1.0,0.02,0.005,271,288,0.5,0.1,"bajo",20.0,20.0,-0.15,0.2,15.0,0.0,3.0E-4,0.5,0.1,10.0,0.6190476190476191,0.5,1862799205,0.1,1.0,0.01,0.2857142857142857
309,130,1.0,0.5,0,15,1.0,0.02,0.005,271,288,0.5,0.1,"bajo",20.0,20.0,-0.15,0.2,15.0,0.0,3.0E-4,0.5,0.1,10.0,0.6190476190476191,0.5,1862799205,0.1,1.0,0.01,0.3
310,130,1.0,0.5,0,15,1.0,0.02,0.005,271,288,0.5,0.1,"bajo",20.0,20.0,-0.15,0.2,15.0,0.0,3.0E-4,0.5,0.1,10.0,0.6666666666666666,0.5,1862799205,0.1,1.0,0.01,0.0
311,130,1.0,0.5,0,15,1.0,0.02,0.005,271,288,0.5,0.1,"bajo",20.0,20.0,-0.15,0.2,15.0,0.0,3.0E-4,0.5,0.1,10.0,0.6666666666666666,0.5,1862799205,0.1,1.0,0.01,0.014285714285714285
312,130,1.0,0.5,0,15,1.0,0.02,0.005,271,288,0.5,0.1,"bajo",20.0,20.0,-0.15,0.2,15.0,0.0,3.0E-4,0.5,0.1,10.0,0.6666666666666666,0.5,1862799205,0.1,1.0,0.01,0.02857142857142857
313,130,1.0,0.5,0,15,1.0,0.02,0.005,271,288,0.5,0.1,"bajo",20.0,20.0,-0.15,0.2,15.0,0.0,3.0E-4,0.5,0.1,10.0,0.6666666666666666,0.5,1862799205,0.1,1.0,0.01,0.04285714285714286
314,130,1.0,0.5,0,15,1.0,0.02,0.005,271,288,0.5,0.1,"bajo",20.0,20.0,-0.15,0.2,15.0,0.0,3.0E-4,0.5,0.1,10.0,0.6666666666666666,0.5,1862799205,0.1,1.0,0.01,0.05714285714285714
315,130,1.0,0.5,0,15,1.0,0.02,0.005,271,288,0.5,0.1,"bajo",20.0,20.0,-0.15,0.2,15.0,0.0,3.0E-4,0.5,0.1,10.0,0.6666666666666666,0.5,1862799205,0.1,1.0,0.01,0.07142857142857142
316,130,1.0,0.5,0,15,1.0,0.02,0.005,271,288,0.5,0.1,"bajo",20.0,20.0,-0.15,0.2,15.0,0.0,3.0E-4,0.5,0.1,10.0,0.6666666666666666,0.5,1862799205,0.1,1.0,0.01,0.08571428571428572
317,130,1.0,0.5,0,15,1.0,0.02,0.005,271,288,0.5,0.1,"bajo",20.0,20.0,-0.15,0.2,15.0,0.0,3.0E-4,0.5,0.1,10.0,0.6666666666666666,0.5,1862799205,0.1,1.0,0.01,0.09999999999999999
318,130,1.0,0.5,0,15,1.0,0.02,0.005,271,288,0.5,0.1,"bajo",20.0,20.0,-0.15,0.2,15.0,0.0,3.0E-4,0.5,0.1,10.0,0.6666666666666666,0.5,1862799205,0.1,1.0,0.01,0.11428571428571428
319,130,1.0,0.5,0,15,1.0,0.02,0.005,271,288,0.5,0.1,"bajo",20.0,20.0,-0.15,0.2,15.0,0.0,3.0E-4,0.5,0.1,10.0,0.6666666666666666,0.5,1862799205,0.1,1.0,0.01,0.12857142857142856
320,130,1.0,0.5,0,15,1.0,0.02,0.005,271,288,0.5,0.1,"bajo",20.0,20.0,-0.15,0.2,15.0,0.0,3.0E-4,0.5,0.1,10.0,0.6666666666666666,0.5,1862799205,0.1,1.0,0.01,0.14285714285714285
321,130,1.0,0.5,0,15,1.0,0.02,0.005,271,288,0.5,0.1,"bajo",20.0,20.0,-0.15,0.2,15.0,0.0,3.0E-4,0.5,0.1,10.0,0.6666666666666666,0.5,1862799205,0.1,1.0,0.01,0.15714285714285714
322,130,1.0,0.5,0,15,1.0,0.02,0.005,271,288,0.5,0.1,"bajo",20.0,20.0,-0.15,0.2,15.0,0.0,3.0E-4,0.5,0.1,10.0,0.6666666666666666,0.5,1862799205,0.1,1.0,0.01,0.17142857142857143
323,130,1.0,0.5,0,15,1.0,0.02,0.005,271,288,0.5,0.1,"bajo",20.0,20.0,-0.15,0.2,15.0,0.0,3.0E-4,0.5,0.1,10.0,0.6666666666666666,0.5,1862799205,0.1,1.0,0.01,0.18571428571428572
324,130,1.0,0.5,0,15,1.0,0.02,0.005,271,288,0.5,0.1,"bajo",20.0,20.0,-0.15,0.2,15.0,0.0,3.0E-4,0.5,0.1,10.0,0.6666666666666666,0.5,1862799205,0.1,1.0,0.01,0.19999999999999998
325,130,1.0,0.5,0,15,1.0,0.02,0.005,271,288,0.5,0.1,"bajo",20.0,20.0,-0.15,0.2,15.0,0.0,3.0E-4,0.5,0.1,10.0,0.6666666666666666,0.5,1862799205,0.1,1.0,0.01,0.21428571428571427
326,130,1.0,0.5,0,15,1.0,0.02,0.005,271,288,0.5,0.1,"bajo",20.0,20.0,-0.15,0.2,15.0,0.0,3.0E-4,0.5,0.1,10.0,0.6666666666666666,0.5,1862799205,0.1,1.0,0.01,0.22857142857142856
327,130,1.0,0.5,0,15,1.0,0.02,0.005,271,288,0.5,0.1,"bajo",20.0,20.0,-0.15,0.2,15.0,0.0,3.0E-4,0.5,0.1,10.0,0.6666666666666666,0.5,1862799205,0.1,1.0,0.01,0.24285714285714285
328,130,1.0,0.5,0,15,1.0,0.02,0.005,271,288,0.5,0.1,"bajo",20.0,20.0,-0.15,0.2,15.0,0.0,3.0E-4,0.5,0.1,10.0,0.6666666666666666,0.5,1862799205,0.1,1.0,0.01,0.2571428571428571
329,130,1.0,0.5,0,15,1.0,0.02,0.005,271,288,0.5,0.1,"bajo",20.0,20.0,-0.15,0.2,15.0,0.0,3.0E-4,0.5,0.1,10.0,0.6666666666666666,0.5,1862799205,0.1,1.0,0.01,0.2714285714285714
330,130,1.0,0.5,0,15,1.0,0.02,0.005,271,288,0.5,0.1,"bajo",20.0,20.0,-0.15,0.2,15.0,0.0,3.0E-4,0.5,0.1,10.0,0.6666666666666666,0.5,1862799205,0.1,1.0,0.01,0.2857142857142857
331,130,1.0,0.5,0,15,1.0,0.02,0.005,271,288,0.5,0.1,"bajo",20.0,20.0,-0.15,0.2,15.0,0.0,3.0E-4,0.5,0.1,10.0,0.6666666666666666,0.5,1862799205,0.1,1.0,0.01,0.3
332,130,1.0,0.5,0,15,1.0,0.02,0.005,271,288,0.5,0.1,"bajo",20.0,20.0,-0.15,0.2,15.0,0.0,3.0E-4,0.5,0.1,10.0,0.7142857142857142,0.5,1862799205,0.1,1.0,0.01,0.0
333,130,1.0,0.5,0,15,1.0,0.02,0.005,271,288,0.5,0.1,"bajo",20.0,20.0,-0.15,0.2,15.0,0.0,3.0E-4,0.5,0.1,10.0,0.7142857142857142,0.5,1862799205,0.1,1.0,0.01,0.014285714285714285
334,130,1.0,0.5,0,15,1.0,0.02,0.005,271,288,0.5,0.1,"bajo",20.0,20.0,-0.15,0.2,15.0,0.0,3.0E-4,0.5,0.1,10.0,0.7142857142857142,0.5,1862799205,0.1,1.0,0.01,0.02857142857142857
335,130,1.0,0.5,0,15,1.0,0.02,0.005,271,288,0.5,0.1,"bajo",20.0,20.0,-0.15,0.2,15.0,0.0,3.0E-4,0.5,0.1,10.0,0.7142857142857142,0.5,1862799205,0.1,1.0,0.01,0.04285714285714286
336,130,1.0,0.5,0,15,1.0,0.02,0.005,271,288,0.5,0.1,"bajo",20.0,20.0,-0.15,0.2,15.0,0.0,3.0E-4,0.5,0.1,10.0,0.7142857142857142,0.5,1862799205,0.1,1.0,0.01,0.05714285714285714
337,130,1.0,0.5,0,15,1.0,0.02,0.005,271,288,0.5,0.1,"bajo",20.0,20.0,-0.15,0.2,15.0,0.0,3.0E-4,0.5,0.1,10.0,0.7142857142857142,0.5,1862799205,0.1,1.0,0.01,0.07142857142857142
338,130,1.0,0.5,0,15,1.0,0.02,0.005,271,288,0.5,0.1,"bajo",20.0,20.0,-0.15,0.2,15.0,0.0,3.0E-4,0.5,0.1,10.0,0.7142857142857142,0.5,1862799205,0.1,1.0,0.01,0.08571428571428572
339,130,1.0,0.5,0,15,1.0,0.02,0.005,271,288,0.5,0.1,"bajo",20.0,20.0,-0.15,0.2,15.0,0.0,3.0E-4,0.5,0.1,10.0,0.7142857142857142,0.5,1862799205,0.1,1.0,0.01,0.09999999999999999
340,130,1.0,0.5,0,15,1.0,0.02,0.005,271,288,0.5,0.1,"bajo",20.0,20.0,-0.15,0.2,15.0,0.0,3.0E-4,0.5,0.1,10.0,0.7142857142857142,0.5,1862799205,0.1,1.0,0.01,0.11428571428571428
341,130,1.0,0.5,0,15,1.0,0.02,0.005,271,288,0.5,0.1,"bajo",20.0,20.0,-0.15,0.2,15.0,0.0,3.0E-4,0.5,0.1,10.0,0.7142857142857142,0.5,1862799205,0.1,1.0,0.01,0.12857142857142856
342,130,1.0,0.5,0,15,1.0,0.02,0.005,271,288,0.5,0.1,"bajo",20.0,20.0,-0.15,0.2,15.0,0.0,3.0E-4,0.5,0.1,10.0,0.7142857142857142,0.5,1862799205,0.1,1.0,0.01,0.14285714285714285
343,130,1.0,0.5,0,15,1.0,0.02,0.005,271,288,0.5,0.1,"bajo",20.0,20.0,-0.15,0.2,15.0,0.0,3.0E-4,0.5,0.1,10.0,0.7142857142857142,0.5,1862799205,0.1,1.0,0.01,0.15714285714285714
344,130,1.0,0.5,0,15,1.0,0.02,0.005,271,288,0.5,0.1,"bajo",20.0,20.0,-0.15,0.2,15.0,0.0,3.0E-4,0.5,0.1,10.0,0.7142857142857142,0.5,1862799205,0.1,1.0,0.01,0.17142857142857143
345,130,1.0,0.5,0,15,1.0,0.02,0.005,271,288,0.5,0.1,"bajo",20.0,20.0,-0.15,0.2,15.0,0.0,3.0E-4,0.5,0.1,10.0,0.7142857142857142,0.5,1862799205,0.1,1.0,0.01,0.18571428571428572
346,130,1.0,0.5,0,15,1.0,0.02,0.005,271,288,0.5,0.1,"bajo",20.0,20.0,-0.15,0.2,15.0,0.0,3.0E-4,0.5,0.1,10.0,0.7142857142857142,0.5,1862799205,0.1,1.0,0.01,0.19999999999999998
347,130,1.0,0.5,0,15,1.0,0.02,0.005,271,288,0.5,0.1,"bajo",20.0,20.0,-0.15,0.2,15.0,0.0,3.0E-4,0.5,0.1,10.0,0.7142857142857142,0.5,1862799205,0.1,1.0,0.01,0.21428571428571427
348,130,1.0,0.5,0,15,1.0,0.02,0.005,271,288,0.5,0.1,"bajo",20.0,20.0,-0.15,0.2,15.0,0.0,3.0E-4,0.5,0.1,10.0,0.7142857142857142,0.5,1862799205,0.1,1.0,0.01,0.22857142857142856
349,130,1.0,0.5,0,15,1.0,0.02,0.005,271,288,0.5,0.1,"bajo",20.0,20.0,-0.15,0.2,15.0,0.0,3.0E-4,0.5,0.1,10.0,0.7142857142857142,0.5,1862799205,0.1,1.0,0.01,0.24285714285714285
350,130,1.0,0.5,0,15,1.0,0.02,0.005,271,288,0.5,0.1,"bajo",20.0,20.0,-0.15,0.2,15.0,0.0,3.0E-4,0.5,0.1,10.0,0.7142857142857142,0.5,1862799205,0.1,1.0,0.01,0.2571428571428571
351,130,1.0,0.5,0,15,1.0,0.02,0.005,271,288,0.5,0.1,"bajo",20.0,20.0,-0.15,0.2,15.0,0.0,3.0E-4,0.5,0.1,10.0,0.7142857142857142,0.5,1862799205,0.1,1.0,0.01,0.2714285714285714
352,130,1.0,0.5,0,15,1.0,0.02,0.005,271,288,0.5,0.1,"bajo",20.0,20.0,-0.15,0.2,15.0,0.0,3.0E-4,0.5,0.1,10.0,0.7142857142857142,0.5,1862799205,0.1,1.0,0.01,0.2857142857142857
353,130,1.0,0.5,0,15,1.0,0.02,0.005,271,288,0.5,0.1,"bajo",20.0,20.0,-0.15,0.2,15.0,0.0,3.0E-4,0.5,0.1,10.0,0.7142857142857142,0.5,1862799205,0.1,1.0,0.01,0.3
354,130,1.0,0.5,0,15,1.0,0.02,0.005,271,288,0.5,0.1,"bajo",20.0,20.0,-0.15,0.2,15.0,0.0,3.0E-4,0.5,0.1,10.0,0.7619047619047619,0.5,1862799205,0.1,1.0,0.01,0.0
355,130,1.0,0.5,0,15,1.0,0.02,0.005,271,288,0.5,0.1,"bajo",20.0,20.0,-0.15,0.2,15.0,0.0,3.0E-4,0.5,0.1,10.0,0.7619047619047619,0.5,1862799205,0.1,1.0,0.01,0.014285714285714285
356,130,1.0,0.5,0,15,1.0,0.02,0.005,271,288,0.5,0.1,"bajo",20.0,20.0,-0.15,0.2,15.0,0.0,3.0E-4,0.5,0.1,10.0,0.7619047619047619,0.5,1862799205,0.1,1.0,0.01,0.02857142857142857
357,130,1.0,0.5,0,15,1.0,0.02,0.005,271,288,0.5,0.1,"bajo",20.0,20.0,-0.15,0.2,15.0,0.0,3.0E-4,0.5,0.1,10.0,0.7619047619047619,0.5,1862799205,0.1,1.0,0.01,0.04285714285714286
358,130,1.0,0.5,0,15,1.0,0.02,0.005,271,288,0.5,0.1,"bajo",20.0,20.0,-0.15,0.2,15.0,0.0,3.0E-4,0.5,0.1,10.0,0.7619047619047619,0.5,1862799205,0.1,1.0,0.01,0.05714285714285714
359,130,1.0,0.5,0,15,1.0,0.02,0.005,271,288,0.5,0.1,"bajo",20.0,20.0,-0.15,0.2,15.0,0.0,3.0E-4,0.5,0.1,10.0,0.7619047619047619,0.5,1862799205,0.1,1.0,0.01,0.07142857142857142
360,130,1.0,0.5,0,15,1.0,0.02,0.005,271,288,0.5,0.1,"bajo",20.0,20.0,-0.15,0.2,15.0,0.0,3.0E-4,0.5,0.1,10.0,0.7619047619047619,0.5,1862799205,0.1,1.0,0.01,0.08571428571428572
361,130,1.0,0.5,0,15,1.0,0.02,0.005,271,288,0.5,0.1,"bajo",20.0,20.0,-0.15,0.2,15.0,0.0,3.0E-4,0.5,0.1,10.0,0.7619047619047619,0.5,1862799205,0.1,1.0,0.01,0.09999999999999999
362,130,1.0,0.5,0,15,1.0,0.02,0.005,271,288,0.5,0.1,"bajo",20.0,20.0,-0.15,0.2,15.0,0.0,3.0E-4,0.5,0.1,10.0,0.7619047619047619,0.5,1862799205,0.1,1.0,0.01,0.11428571428571428
363,130,1.0,0.5,0,15,1.0,0.02,0.005,271,288,0.5,0.1,"bajo",20.0,20.0,-0.15,0.2,15.0,0.0,3.0E-4,0.5,0.1,10.0,0.7619047619047619,0.5,1862799205,0.1,1.0,0.01,0.12857142857142856
364,130,1.0,0.5,0,15,1.0,0.02,0.005,271,288,0.5,0.1,"bajo",20.0,20.0,-0.15,0.2,15.0,0.0,3.0E-4,0.5,0.1,10.0,0.7619047619047619,0.5,1862799205,0.1,1.0,0.01,0.14285714285714285
365,130,1.0,0.5,0,15,1.0,0.02,0.005,271,288,0.5,0.1,"bajo",20.0,20.0,-0.15,0.2,15.0,0.0,3.0E-4,0.5,0.1,10.0,0.7619047619047619,0.5,1862799205,0.1,1.0,0.01,0.15714285714285714
366,130,1.0,0.5,0,15,1.0,0.02,0.005,271,288,0.5,0.1,"bajo",20.0,20.0,-0.15,0.2,15.0,0.0,3.0E-4,0.5,0.1,10.0,0.7619047619047619,0.5,1862799205,0.1,1.0,0.01,0.17142857142857143
367,130,1.0,0.5,0,15,1.0,0.02,0.005,271,288,0.5,0.1,"bajo",20.0,20.0,-0.15,0.2,15.0,0.0,3.0E-4,0.5,0.1,10.0,0.7619047619047619,0.5,1862799205,0.1,1.0,0.01,0.18571428571428572
368,130,1.0,0.5,0,15,1.0,0.02,0.005,271,288,0.5,0.1,"bajo",20.0,20.0,-0.15,0.2,15.0,0.0,3.0E-4,0.5,0.1,10.0,0.7619047619047619,0.5,1862799205,0.1,1.0,0.01,0.19999999999999998
369,130,1.0,0.5,0,15,1.0,0.02,0.005,271,288,0.5,0.1,"bajo",20.0,20.0,-0.15,0.2,15.0,0.0,3.0E-4,0.5,0.1,10.0,0.7619047619047619,0.5,1862799205,0.1,1.0,0.01,0.21428571428571427
370,130,1.0,0.5,0,15,1.0,0.02,0.005,271,288,0.5,0.1,"bajo",20.0,20.0,-0.15,0.2,15.0,0.0,3.0E-4,0.5,0.1,10.0,0.7619047619047619,0.5,1862799205,0.1,1.0,0.01,0.22857142857142856
371,130,1.0,0.5,0,15,1.0,0.02,0.005,271,288,0.5,0.1,"bajo",20.0,20.0,-0.15,0.2,15.0,0.0,3.0E-4,0.5,0.1,10.0,0.7619047619047619,0.5,1862799205,0.1,1.0,0.01,0.24285714285714285
372,130,1.0,0.5,0,15,1.0,0.02,0.005,271,288,0.5,0.1,"bajo",20.0,20.0,-0.15,0.2,15.0,0.0,3.0E-4,0.5,0.1,10.0,0.7619047619047619,0.5,1862799205,0.1,1.0,0.01,0.2571428571428571
373,130,1.0,0.5,0,15,1.0,0.02,0.005,271,288,0.5,0.1,"bajo",20.0,20.0,-0.15,0.2,15.0,0.0,3.0E-4,0.5,0.1,10.0,0.7619047619047619,0.5,1862799205,0.1,1.0,0.01,0.2714285714285714
374,130,1.0,0.5,0,15,1.0,0.02,0.005,271,288,0.5,0.1,"bajo",20.0,20.0,-0.15,0.2,15.0,0.0,3.0E-4,0.5,0.1,10.0,0.7619047619047619,0.5,1862799205,0.1,1.0,0.01,0.2857142857142857
375,130,1.0,0.5,0,15,1.0,0.02,0.005,271,288,0.5,0.1,"bajo",20.0,20.0,-0.15,0.2,15.0,0.0,3.0E-4,0.5,0.1,10.0,0.7619047619047619,0.5,1862799205,0.1,1.0,0.01,0.3
376,130,1.0,0.5,0,15,1.0,0.02,0.005,271,288,0.5,0.1,"bajo",20.0,20.0,-0.15,0.2,15.0,0.0,3.0E-4,0.5,0.1,10.0,0.8095238095238095,0.5,1862799205,0.1,1.0,0.01,0.0
377,130,1.0,0.5,0,15,1.0,0.02,0.005,271,288,0.5,0.1,"bajo",20.0,20.0,-0.15,0.2,15.0,0.0,3.0E-4,0.5,0.1,10.0,0.8095238095238095,0.5,1862799205,0.1,1.0,0.01,0.014285714285714285
378,130,1.0,0.5,0,15,1.0,0.02,0.005,271,288,0.5,0.1,"bajo",20.0,20.0,-0.15,0.2,15.0,0.0,3.0E-4,0.5,0.1,10.0,0.8095238095238095,0.5,1862799205,0.1,1.0,0.01,0.02857142857142857
379,130,1.0,0.5,0,15,1.0,0.02,0.005,271,288,0.5,0.1,"bajo",20.0,20.0,-0.15,0.2,15.0,0.0,3.0E-4,0.5,0.1,10.0,0.8095238095238095,0.5,1862799205,0.1,1.0,0.01,0.04285714285714286
380,130,1.0,0.5,0,15,1.0,0.02,0.005,271,288,0.5,0.1,"bajo",20.0,20.0,-0.15,0.2,15.0,0.0,3.0E-4,0.5,0.1,10.0,0.8095238095238095,0.5,1862799205,0.1,1.0,0.01,0.05714285714285714
381,130,1.0,0.5,0,15,1.0,0.02,0.005,271,288,0.5,0.1,"bajo",20.0,20.0,-0.15,0.2,15.0,0.0,3.0E-4,0.5,0.1,10.0,0.8095238095238095,0.5,1862799205,0.1,1.0,0.01,0.07142857142857142
382,130,1.0,0.5,0,15,1.0,0.02,0.005,271,288,0.5,0.1,"bajo",20.0,20.0,-0.15,0.2,15.0,0.0,3.0E-4,0.5,0.1,10.0,0.8095238095238095,0.5,1862799205,0.1,1.0,0.01,0.08571428571428572
383,130,1.0,0.5,0,15,1.0,0.02,0.005,271,288,0.5,0.1,"bajo",20.0,20.0,-0.15,0.2,15.0,0.0,3.0E-4,0.5,0.1,10.0,0.8095238095238095,0.5,1862799205,0.1,1.0,0.01,0.09999999999999999
384,130,1.0,0.5,0,15,1.0,0.02,0.005,271,288,0.5,0.1,"bajo",20.0,20.0,-0.15,0.2,15.0,0.0,3.0E-4,0.5,0.1,10.0,0.8095238095238095,0.5,1862799205,0.1,1.0,0.01,0.11428571428571428
385,130,1.0,0.5,0,15,1.0,0.02,0.005,271,288,0.5,0.1,"bajo",20.0,20.0,-0.15,0.2,15.0,0.0,3.0E-4,0.5,0.1,10.0,0.8095238095238095,0.5,1862799205,0.1,1.0,0.01,0.12857142857142856
386,130,1.0,0.5,0,15,1.0,0.02,0.005,271,288,0.5,0.1,"bajo",20.0,20.0,-0.15,0.2,15.0,0.0,3.0E-4,0.5,0.1,10.0,0.8095238095238095,0.5,1862799205,0.1,1.0,0.01,0.14285714285714285
387,130,1.0,0.5,0,15,1.0,0.02,0.005,271,288,0.5,0.1,"bajo",20.0,20.0,-0.15,0.2,15.0,0.0,3.0E-4,0.5,0.1,10.0,0.8095238095238095,0.5,1862799205,0.1,1.0,0.01,0.15714285714285714
388,130,1.0,0.5,0,15,1.0,0.02,0.005,271,288,0.5,0.1,"bajo",20.0,20.0,-0.15,0.2,15.0,0.0,3.0E-4,0.5,0.1,10.0,0.8095238095238095,0.5,1862799205,0.1,1.0,0.01,0.17142857142857143
389,130,1.0,0.5,0,15,1.0,0.02,0.005,271,288,0.5,0.1,"bajo",20.0,20.0,-0.15,0.2,15.0,0.0,3.0E-4,0.5,0.1,10.0,0.8095238095238095,0.5,1862799205,0.1,1.0,0.01,0.18571428571428572
390,130,1.0,0.5,0,15,1.0,0.02,0.005,271,288,0.5,0.1,"bajo",20.0,20.0,-0.15,0.2,15.0,0.0,3.0E-4,0.5,0.1,10.0,0.8095238095238095,0.5,1862799205,0.1,1.0,0.01,0.19999999999999998
391,130,1.0,0.5,0,15,1.0,0.02,0.005,271,288,0.5,0.1,"bajo",20.0,20.0,-0.15,0.2,15.0,0.0,3.0E-4,0.5,0.1,10.0,0.8095238095238095,0.5,1862799205,0.1,1.0,0.01,0.21428571428571427
392,130,1.0,0.5,0,15,1.0,0.02,0.005,271,288,0.5,0.1,"bajo",20.0,20.0,-0.15,0.2,15.0,0.0,3.0E-4,0.5,0.1,10.0,0.8095238095238095,0.5,1862799205,0.1,1.0,0.01,0.22857142857142856
393,130,1.0,0.5,0,15,1.0,0.02,0.005,271,288,0.5,0.1,"bajo",20.0,20.0,-0.15,0.2,15.0,0.0,3.0E-4,0.5,0.1,10.0,0.8095238095238095,0.5,1862799205,0.1,1.0,0.01,0.24285714285714285
394,130,1.0,0.5,0,15,1.0,0.02,0.005,271,288,0.5,0.1,"bajo",20.0,20.0,-0.15,0.2,15.0,0.0,3.0E-4,0.5,0.1,10.0,0.8095238095238095,0.5,1862799205,0.1,1.0,0.01,0.2571428571428571
395,130,1.0,0.5,0,15,1.0,0.02,0.005,271,288,0.5,0.1,"bajo",20.0,20.0,-0.15,0.2,15.0,0.0,3.0E-4,0.5,0.1,10.0,0.8095238095238095,0.5,1862799205,0.1,1.0,0.01,0.2714285714285714
396,130,1.0,0.5,0,15,1.0,0.02,0.005,271,288,0.5,0.1,"bajo",20.0,20.0,-0.15,0.2,15.0,0.0,3.0E-4,0.5,0.1,10.0,0.8095238095238095,0.5,1862799205,0.1,1.0,0.01,0.2857142857142857
397,130,1.0,0.5,0,15,1.0,0.02,0.005,271,288,0.5,0.1,"bajo",20.0,20.0,-0.15,0.2,15.0,0.0,3.0E-4,0.5,0.1,10.0,0.8095238095238095,0.5,1862799205,0.1,1.0,0.01,0.3
398,130,1.0,0.5,0,15,1.0,0.02,0.005,271,288,0.5,0.1,"bajo",20.0,20.0,-0.15,0.2,15.0,0.0,3.0E-4,0.5,0.1,10.0,0.8571428571428571,0.5,1862799205,0.1,1.0,0.01,0.0
399,130,1.0,0.5,0,15,1.0,0.02,0.005,271,288,0.5,0.1,"bajo",20.0,20.0,-0.15,0.2,15.0,0.0,3.0E-4,0.5,0.1,10.0,0.8571428571428571,0.5,1862799205,0.1,1.0,0.01,0.014285714285714285
400,130,1.0,0.5,0,15,1.0,0.02,0.005,271,288,0.5,0.1,"bajo",20.0,20.0,-0.15,0.2,15.0,0.0,3.0E-4,0.5,0.1,10.0,0.8571428571428571,0.5,1862799205,0.1,1.0,0.01,0.02857142857142857
401,130,1.0,0.5,0,15,1.0,0.02,0.005,271,288,0.5,0.1,"bajo",20.0,20.0,-0.15,0.2,15.0,0.0,3.0E-4,0.5,0.1,10.0,0.8571428571428571,0.5,1862799205,0.1,1.0,0.01,0.04285714285714286
402,130,1.0,0.5,0,15,1.0,0.02,0.005,271,288,0.5,0.1,"bajo",20.0,20.0,-0.15,0.2,15.0,0.0,3.0E-4,0.5,0.1,10.0,0.8571428571428571,0.5,1862799205,0.1,1.0,0.01,0.05714285714285714
403,130,1.0,0.5,0,15,1.0,0.02,0.005,271,288,0.5,0.1,"bajo",20.0,20.0,-0.15,0.2,15.0,0.0,3.0E-4,0.5,0.1,10.0,0.8571428571428571,0.5,1862799205,0.1,1.0,0.01,0.07142857142857142
404,130,1.0,0.5,0,15,1.0,0.02,0.005,271,288,0.5,0.1,"bajo",20.0,20.0,-0.15,0.2,15.0,0.0,3.0E-4,0.5,0.1,10.0,0.8571428571428571,0.5,1862799205,0.1,1.0,0.01,0.08571428571428572
405,130,1.0,0.5,0,15,1.0,0.02,0.005,271,288,0.5,0.1,"bajo",20.0,20.0,-0.15,0.2,15.0,0.0,3.0E-4,0.5,0.1,10.0,0.8571428571428571,0.5,1862799205,0.1,1.0,0.01,0.09999999999999999
406,130,1.0,0.5,0,15,1.0,0.02,0.005,271,288,0.5,0.1,"bajo",20.0,20.0,-0.15,0.2,15.0,0.0,3.0E-4,0.5,0.1,10.0,0.8571428571428571,0.5,1862799205,0.1,1.0,0.01,0.11428571428571428
407,130,1.0,0.5,0,15,1.0,0.02,0.005,271,288,0.5,0.1,"bajo",20.0,20.0,-0.15,0.2,15.0,0.0,3.0E-4,0.5,0.1,10.0,0.8571428571428571,0.5,1862799205,0.1,1.0,0.01,0.12857142857142856
408,130,1.0,0.5,0,15,1.0,0.02,0.005,271,288,0.5,0.1,"bajo",20.0,20.0,-0.15,0.2,15.0,0.0,3.0E-4,0.5,0.1,10.0,0.8571428571428571,0.5,1862799205,0.1,1.0,0.01,0.14285714285714285
409,130,1.0,0.5,0,15,1.0,0.02,0.005,271,288,0.5,0.1,"bajo",20.0,20.0,-0.15,0.2,15.0,0.0,3.0E-4,0.5,0.1,10.0,0.8571428571428571,0.5,1862799205,0.1,1.0,0.01,0.15714285714285714
410,130,1.0,0.5,0,15,1.0,0.02,0.005,271,288,0.5,0.1,"bajo",20.0,20.0,-0.15,0.2,15.0,0.0,3.0E-4,0.5,0.1,10.0,0.8571428571428571,0.5,1862799205,0.1,1.0,0.01,0.17142857142857143
411,130,1.0,0.5,0,15,1.0,0.02,0.005,271,288,0.5,0.1,"bajo",20.0,20.0,-0.15,0.2,15.0,0.0,3.0E-4,0.5,0.1,10.0,0.8571428571428571,0.5,1862799205,0.1,1.0,0.01,0.18571428571428572
412,130,1.0,0.5,0,15,1.0,0.02,0.005,271,288,0.5,0.1,"bajo",20.0,20.0,-0.15,0.2,15.0,0.0,3.0E-4,0.5,0.1,10.0,0.8571428571428571,0.5,1862799205,0.1,1.0,0.01,0.19999999999999998
413,130,1.0,0.5,0,15,1.0,0.02,0.005,271,288,0.5,0.1,"bajo",20.0,20.0,-0.15,0.2,15.0,0.0,3.0E-4,0.5,0.1,10.0,0.8571428571428571,0.5,1862799205,0.1,1.0,0.01,0.21428571428571427
414,130,1.0,0.5,0,15,1.0,0.02,0.005,271,288,0.5,0.1,"bajo",20.0,20.0,-0.15,0.2,15.0,0.0,3.0E-4,0.5,0.1,10.0,0.8571428571428571,0.5,1862799205,0.1,1.0,0.01,0.22857142857142856
415,130,1.0,0.5,0,15,1.0,0.02,0.005,271,288,0.5,0.1,"bajo",20.0,20.0,-0.15,0.2,15.0,0.0,3.0E-4,0.5,0.1,10.0,0.8571428571428571,0.5,1862799205,0.1,1.0,0.01,0.24285714285714285
416,130,1.0,0.5,0,15,1.0,0.02,0.005,271,288,0.5,0.1,"bajo",20.0,20.0,-0.15,0.2,15.0,0.0,3.0E-4,0.5,0.1,10.0,0.8571428571428571,0.5,1862799205,0.1,1.0,0.01,0.2571428571428571
417,130,1.0,0.5,0,15,1.0,0.02,0.005,271,288,0.5,0.1,"bajo",20.0,20.0,-0.15,0.2,15.0,0.0,3.0E-4,0.5,0.1,10.0,0.8571428571428571,0.5,1862799205,0.1,1.0,0.01,0.2714285714285714
418,130,1.0,0.5,0,15,1.0,0.02,0.005,271,288,0.5,0.1,"bajo",20.0,20.0,-0.15,0.2,15.0,0.0,3.0E-4,0.5,0.1,10.0,0.8571428571428571,0.5,1862799205,0.1,1.0,0.01,0.2857142857142857
419,130,1.0,0.5,0,15,1.0,0.02,0.005,271,288,0.5,0.1,"bajo",20.0,20.0,-0.15,0.2,15.0,0.0,3.0E-4,0.5,0.1,10.0,0.8571428571428571,0.5,1862799205,0.1,1.0,0.01,0.3
420,130,1.0,0.5,0,15,1.0,0.02,0.005,271,288,0.5,0.1,"bajo",20.0,20.0,-0.15,0.2,15.0,0.0,3.0E-4,0.5,0.1,10.0,0.9047619047619047,0.5,1862799205,0.1,1.0,0.01,0.0
421,130,1.0,0.5,0,15,1.0,0.02,0.005,271,288,0.5,0.1,"bajo",20.0,20.0,-0.15,0.2,15.0,0.0,3.0E-4,0.5,0.1,10.0,0.9047619047619047,0.5,1862799205,0.1,1.0,0.01,0.014285714285714285
422,130,1.0,0.5,0,15,1.0,0.02,0.005,271,288,0.5,0.1,"bajo",20.0,20.0,-0.15,0.2,15.0,0.0,3.0E-4,0.5,0.1,10.0,0.9047619047619047,0.5,1862799205,0.1,1.0,0.01,0.02857142857142857
423,130,1.0,0.5,0,15,1.0,0.02,0.005,271,288,0.5,0.1,"bajo",20.0,20.0,-0.15,0.2,15.0,0.0,3.0E-4,0.5,0.1,10.0,0.9047619047619047,0.5,1862799205,0.1,1.0,0.01,0.04285714285714286
424,130,1.0,0.5,0,15,1.0,0.02,0.005,271,288,0.5,0.1,"bajo",20.0,20.0,-0.15,0.2,15.0,0.0,3.0E-4,0.5,0.1,10.0,0.9047619047619047,0.5,1862799205,0.1,1.0,0.01,0.05714285714285714
425,130,1.0,0.5,0,15,1.0,0.02,0.005,271,288,0.5,0.1,"bajo",20.0,20.0,-0.15,0.2,15.0,0.0,3.0E-4,0.5,0.1,10.0,0.9047619047619047,0.5,1862799205,0.1,1.0,0.01,0.07142857142857142
426,130,1.0,0.5,0,15,1.0,0.02,0.005,271,288,0.5,0.1,"bajo",20.0,20.0,-0.15,0.2,15.0,0.0,3.0E-4,0.5,0.1,10.0,0.9047619047619047,0.5,1862799205,0.1,1.0,0.01,0.08571428571428572
427,130,1.0,0.5,0,15,1.0,0.02,0.005,271,288,0.5,0.1,"bajo",20.0,20.0,-0.15,0.2,15.0,0.0,3.0E-4,0.5,0.1,10.0,0.9047619047619047,0.5,1862799205,0.1,1.0,0.01,0.09999999999999999
428,130,1.0,0.5,0,15,1.0,0.02,0.005,271,288,0.5,0.1,"bajo",20.0,20.0,-0.15,0.2,15.0,0.0,3.0E-4,0.5,0.1,10.0,0.9047619047619047,0.5,1862799205,0.1,1.0,0.01,0.11428571428571428
429,130,1.0,0.5,0,15,1.0,0.02,0.005,271,288,0.5,0.1,"bajo",20.0,20.0,-0.15,0.2,15.0,0.0,3.0E-4,0.5,0.1,10.0,0.9047619047619047,0.5,1862799205,0.1,1.0,0.01,0.12857142857142856
430,130,1.0,0.5,0,15,1.0,0.02,0.005,271,288,0.5,0.1,"bajo",20.0,20.0,-0.15,0.2,15.0,0.0,3.0E-4,0.5,0.1,10.0,0.9047619047619047,0.5,1862799205,0.1,1.0,0.01,0.14285714285714285
431,130,1.0,0.5,0,15,1.0,0.02,0.005,271,288,0.5,0.1,"bajo",20.0,20.0,-0.15,0.2,15.0,0.0,3.0E-4,0.5,0.1,10.0,0.9047619047619047,0.5,1862799205,0.1,1.0,0.01,0.15714285714285714
432,130,1.0,0.5,0,15,1.0,0.02,0.005,271,288,0.5,0.1,"bajo",20.0,20.0,-0.15,0.2,15.0,0.0,3.0E-4,0.5,0.1,10.0,0.9047619047619047,0.5,1862799205,0.1,1.0,0.01,0.17142857142857143
433,130,1.0,0.5,0,15,1.0,0.02,0.005,271,288,0.5,0.1,"bajo",20.0,20.0,-0.15,0.2,15.0,0.0,3.0E-4,0.5,0.1,10.0,0.9047619047619047,0.5,1862799205,0.1,1.0,0.01,0.18571428571428572
434,130,1.0,0.5,0,15,1.0,0.02,0.005,271,288,0.5,0.1,"bajo",20.0,20.0,-0.15,0.2,15.0,0.0,3.0E-4,0.5,0.1,10.0,0.9047619047619047,0.5,1862799205,0.1,1.0,0.01,0.19999999999999998
435,130,1.0,0.5,0,15,1.0,0.02,0.005,271,288,0.5,0.1,"bajo",20.0,20.0,-0.15,0.2,15.0,0.0,3.0E-4,0.5,0.1,10.0,0.9047619047619047,0.5,1862799205,0.1,1.0,0.01,0.21428571428571427
436,130,1.0,0.5,0,15,1.0,0.02,0.005,271,288,0.5,0.1,"bajo",20.0,20.0,-0.15,0.2,15.0,0.0,3.0E-4,0.5,0.1,10.0,0.9047619047619047,0.5,1862799205,0.1,1.0,0.01,0.22857142857142856
437,130,1.0,0.5,0,15,1.0,0.02,0.005,271,288,0.5,0.1,"bajo",20.0,20.0,-0.15,0.2,15.0,0.0,3.0E-4,0.5,0.1,10.0,0.9047619047619047,0.5,1862799205,0.1,1.0,0.01,0.24285714285714285
438,130,1.0,0.5,0,15,1.0,0.02,0.005,271,288,0.5,0.1,"bajo",20.0,20.0,-0.15,0.2,15.0,0.0,3.0E-4,0.5,0.1,10.0,0.9047619047619047,0.5,1862799205,0.1,1.0,0.01,0.2571428571428571
439,130,1.0,0.5,0,15,1.0,0.02,0.005,271,288,0.5,0.1,"bajo",20.0,20.0,-0.15,0.2,15.0,0.0,3.0E-4,0.5,0.1,10.0,0.9047619047619047,0.5,1862799205,0.1,1.0,0.01,0.2714285714285714
440,130,1.0,0.5,0,15,1.0,0.02,0.005,271,288,0.5,0.1,"bajo",20.0,20.0,-0.15,0.2,15.0,0.0,3.0E-4,0.5,0.1,10.0,0.9047619047619047,0.5,1862799205,0.1,1.0,0.01,0.2857142857142857
441,130,1.0,0.5,0,15,1.0,0.02,0.005,271,288,0.5,0.1,"bajo",20.0,20.0,-0.15,0.2,15.0,0.0,3.0E-4,0.5,0.1,10.0,0.9047619047619047,0.5,1862799205,0.1,1.0,0.01,0.3
442,130,1.0,0.5,0,15,1.0,0.02,0.005,271,288,0.5,0.1,"bajo",20.0,20.0,-0.15,0.2,15.0,0.0,3.0E-4,0.5,0.1,10.0,0.9523809523809523,0.5,1862799205,0.1,1.0,0.01,0.0
443,130,1.0,0.5,0,15,1.0,0.02,0.005,271,288,0.5,0.1,"bajo",20.0,20.0,-0.15,0.2,15.0,0.0,3.0E-4,0.5,0.1,10.0,0.9523809523809523,0.5,1862799205,0.1,1.0,0.01,0.014285714285714285
444,130,1.0,0.5,0,15,1.0,0.02,0.005,271,288,0.5,0.1,"bajo",20.0,20.0,-0.15,0.2,15.0,0.0,3.0E-4,0.5,0.1,10.0,0.9523809523809523,0.5,1862799205,0.1,1.0,0.01,0.02857142857142857
445,130,1.0,0.5,0,15,1.0,0.02,0.005,271,288,0.5,0.1,"bajo",20.0,20.0,-0.15,0.2,15.0,0.0,3.0E-4,0.5,0.1,10.0,0.9523809523809523,0.5,1862799205,0.1,1.0,0.01,0.04285714285714286
446,130,1.0,0.5,0,15,1.0,0.02,0.005,271,288,0.5,0.1,"bajo",20.0,20.0,-0.15,0.2,15.0,0.0,3.0E-4,0.5,0.1,10.0,0.9523809523809523,0.5,1862799205,0.1,1.0,0.01,0.05714285714285714
447,130,1.0,0.5,0,15,1.0,0.02,0.005,271,288,0.5,0.1,"bajo",20.0,20.0,-0.15,0.2,15.0,0.0,3.0E-4,0.5,0.1,10.0,0.9523809523809523,0.5,1862799205,0.1,1.0,0.01,0.07142857142857142
448,130,1.0,0.5,0,15,1.0,0.02,0.005,271,288,0.5,0.1,"bajo",20.0,20.0,-0.15,0.2,15.0,0.0,3.0E-4,0.5,0.1,10.0,0.9523809523809523,0.5,1862799205,0.1,1.0,0.01,0.08571428571428572
449,130,1.0,0.5,0,15,1.0,0.02,0.005,271,288,0.5,0.1,"bajo",20.0,20.0,-0.15,0.2,15.0,0.0,3.0E-4,0.5,0.1,10.0,0.9523809523809523,0.5,1862799205,0.1,1.0,0.01,0.09999999999999999
450,130,1.0,0.5,0,15,1.0,0.02,0.005,271,288,0.5,0.1,"bajo",20.0,20.0,-0.15,0.2,15.0,0.0,3.0E-4,0.5,0.1,10.0,0.9523809523809523,0.5,1862799205,0.1,1.0,0.01,0.11428571428571428
451,130,1.0,0.5,0,15,1.0,0.02,0.005,271,288,0.5,0.1,"bajo",20.0,20.0,-0.15,0.2,15.0,0.0,3.0E-4,0.5,0.1,10.0,0.9523809523809523,0.5,1862799205,0.1,1.0,0.01,0.12857142857142856
452,130,1.0,0.5,0,15,1.0,0.02,0.005,271,288,0.5,0.1,"bajo",20.0,20.0,-0.15,0.2,15.0,0.0,3.0E-4,0.5,0.1,10.0,0.9523809523809523,0.5,1862799205,0.1,1.0,0.01,0.14285714285714285
453,130,1.0,0.5,0,15,1.0,0.02,0.005,271,288,0.5,0.1,"bajo",20.0,20.0,-0.15,0.2,15.0,0.0,3.0E-4,0.5,0.1,10.0,0.9523809523809523,0.5,1862799205,0.1,1.0,0.01,0.15714285714285714
454,130,1.0,0.5,0,15,1.0,0.02,0.005,271,288,0.5,0.1,"bajo",20.0,20.0,-0.15,0.2,15.0,0.0,3.0E-4,0.5,0.1,10.0,0.9523809523809523,0.5,1862799205,0.1,1.0,0.01,0.17142857142857143
455,130,1.0,0.5,0,15,1.0,0.02,0.005,271,288,0.5,0.1,"bajo",20.0,20.0,-0.15,0.2,15.0,0.0,3.0E-4,0.5,0.1,10.0,0.9523809523809523,0.5,1862799205,0.1,1.0,0.01,0.18571428571428572
456,130,1.0,0.5,0,15,1.0,0.02,0.005,271,288,0.5,0.1,"bajo",20.0,20.0,-0.15,0.2,15.0,0.0,3.0E-4,0.5,0.1,10.0,0.9523809523809523,0.5,1862799205,0.1,1.0,0.01,0.19999999999999998
457,130,1.0,0.5,0,15,1.0,0.02,0.005,271,288,0.5,0.1,"bajo",20.0,20.0,-0.15,0.2,15.0,0.0,3.0E-4,0.5,0.1,10.0,0.9523809523809523,0.5,1862799205,0.1,1.0,0.01,0.21428571428571427
458,130,1.0,0.5,0,15,1.0,0.02,0.005,271,288,0.5,0.1,"bajo",20.0,20.0,-0.15,0.2,15.0,0.0,3.0E-4,0.5,0.1,10.0,0.9523809523809523,0.5,1862799205,0.1,1.0,0.01,0.22857142857142856
459,130,1.0,0.5,0,15,1.0,0.02,0.005,271,288,0.5,0.1,"bajo",20.0,20.0,-0.15,0.2,15.0,0.0,3.0E-4,0.5,0.1,10.0,0.9523809523809523,0.5,1862799205,0.1,1.0,0.01,0.24285714285714285
460,130,1.0,0.5,0,15,1.0,0.02,0.005,271,288,0.5,0.1,"bajo",20.0,20.0,-0.15,0.2,15.0,0.0,3.0E-4,0.5,0.1,10.0,0.9523809523809523,0.5,1862799205,0.1,1.0,0.01,0.2571428571428571
461,130,1.0,0.5,0,15,1.0,0.02,0.005,271,288,0.5,0.1,"bajo",20.0,20.0,-0.15,0.2,15.0,0.0,3.0E-4,0.5,0.1,10.0,0.9523809523809523,0.5,1862799205,0.1,1.0,0.01,0.2714285714285714
462,130,1.0,0.5,0,15,1.0,0.02,0.005,271,288,0.5,0.1,"bajo",20.0,20.0,-0.15,0.2,15.0,0.0,3.0E-4,0.5,0.1,10.0,0.9523809523809523,0.5,1862799205,0.1,1.0,0.01,0.2857142857142857
463,130,1.0,0.5,0,15,1.0,0.02,0.005,271,288,0.5,0.1,"bajo",20.0,20.0,-0.15,0.2,15.0,0.0,3.0E-4,0.5,0.1,10.0,0.9523809523809523,0.5,1862799205,0.1,1.0,0.01,0.3
464,130,1.0,0.5,0,15,1.0,0.02,0.005,271,288,0.5,0.1,"bajo",20.0,20.0,-0.15,0.2,15.0,0.0,3.0E-4,0.5,0.1,10.0,1.0,0.5,1862799205,0.1,1.0,0.01,0.0
465,130,1.0,0.5,0,15,1.0,0.02,0.005,271,288,0.5,0.1,"bajo",20.0,20.0,-0.15,0.2,15.0,0.0,3.0E-4,0.5,0.1,10.0,1.0,0.5,1862799205,0.1,1.0,0.01,0.014285714285714285
466,130,1.0,0.5,0,15,1.0,0.02,0.005,271,288,0.5,0.1,"bajo",20.0,20.0,-0.15,0.2,15.0,0.0,3.0E-4,0.5,0.1,10.0,1.0,0.5,1862799205,0.1,1.0,0.01,0.02857142857142857
467,130,1.0,0.5,0,15,1.0,0.02,0.005,271,288,0.5,0.1,"bajo",20.0,20.0,-0.15,0.2,15.0,0.0,3.0E-4,0.5,0.1,10.0,1.0,0.5,1862799205,0.1,1.0,0.01,0.04285714285714286
468,130,1.0,0.5,0,15,1.0,0.02,0.005,271,288,0.5,0.1,"bajo",20.0,20.0,-0.15,0.2,15.0,0.0,3.0E-4,0.5,0.1,10.0,1.0,0.5,1862799205,0.1,1.0,0.01,0.05714285714285714
469,130,1.0,0.5,0,15,1.0,0.02,0.005,271,288,0.5,0.1,"bajo",20.0,20.0,-0.15,0.2,15.0,0.0,3.0E-4,0.5,0.1,10.0,1.0,0.5,1862799205,0.1,1.0,0.01,0.07142857142857142
470,130,1.0,0.5,0,15,1.0,0.02,0.005,271,288,0.5,0.1,"bajo",20.0,20.0,-0.15,0.2,15.0,0.0,3.0E-4,0.5,0.1,10.0,1.0,0.5,1862799205,0.1,1.0,0.01,0.08571428571428572
471,130,1.0,0.5,0,15,1.0,0.02,0.005,271,288,0.5,0.1,"bajo",20.0,20.0,-0.15,0.2,15.0,0.0,3.0E-4,0.5,0.1,10.0,1.0,0.5,1862799205,0.1,1.0,0.01,0.09999999999999999
472,130,1.0,0.5,0,15,1.0,0.02,0.005,271,288,0.5,0.1,"bajo",20.0,20.0,-0.15,0.2,15.0,0.0,3.0E-4,0.5,0.1,10.0,1.0,0.5,1862799205,0.1,1.0,0.01,0.11428571428571428
473,130,1.0,0.5,0,15,1.0,0.02,0.005,271,288,0.5,0.1,"bajo",20.0,20.0,-0.15,0.2,15.0,0.0,3.0E-4,0.5,0.1,10.0,1.0,0.5,1862799205,0.1,1.0,0.01,0.12857142857142856
474,130,1.0,0.5,0,15,1.0,0.02,0.005,271,288,0.5,0.1,"bajo",20.0,20.0,-0.15,0.2,15.0,0.0,3.0E-4,0.5,0.1,10.0,1.0,0.5,1862799205,0.1,1.0,0.01,0.14285714285714285
475,130,1.0,0.5,0,15,1.0,0.02,0.005,271,288,0.5,0.1,"bajo",20.0,20.0,-0.15,0.2,15.0,0.0,3.0E-4,0.5,0.1,10.0,1.0,0.5,1862799205,0.1,1.0,0.01,0.15714285714285714
476,130,1.0,0.5,0,15,1.0,0.02,0.005,271,288,0.5,0.1,"bajo",20.0,20.0,-0.15,0.2,15.0,0.0,3.0E-4,0.5,0.1,10.0,1.0,0.5,1862799205,0.1,1.0,0.01,0.17142857142857143
477,130,1.0,0.5,0,15,1.0,0.02,0.005,271,288,0.5,0.1,"bajo",20.0,20.0,-0.15,0.2,15.0,0.0,3.0E-4,0.5,0.1,10.0,1.0,0.5,1862799205,0.1,1.0,0.01,0.18571428571428572
478,130,1.0,0.5,0,15,1.0,0.02,0.005,271,288,0.5,0.1,"bajo",20.0,20.0,-0.15,0.2,15.0,0.0,3.0E-4,0.5,0.1,10.0,1.0,0.5,1862799205,0.1,1.0,0.01,0.19999999999999998
479,130,1.0,0.5,0,15,1.0,0.02,0.005,271,288,0.5,0.1,"bajo",20.0,20.0,-0.15,0.2,15.0,0.0,3.0E-4,0.5,0.1,10.0,1.0,0.5,1862799205,0.1,1.0,0.01,0.21428571428571427
480,130,1.0,0.5,0,15,1.0,0.02,0.005,271,288,0.5,0.1,"bajo",20.0,20.0,-0.15,0.2,15.0,0.0,3.0E-4,0.5,0.1,10.0,1.0,0.5,1862799205,0.1,1.0,0.01,0.22857142857142856
481,130,1.0,0.5,0,15,1.0,0.02,0.005,271,288,0.5,0.1,"bajo",20.0,20.0,-0.15,0.2,15.0,0.0,3.0E-4,0.5,0.1,10.0,1.0,0.5,1862799205,0.1,1.0,0.01,0.24285714285714285
482,130,1.0,0.5,0,15,1.0,0.02,0.005,271,288,0.5,0.1,"bajo",20.0,20.0,-0.15,0.2,15.0,0.0,3.0E-4,0.5,0.1,10.0,1.0,0.5,1862799205,0.1,1.0,0.01,0.2571428571428571
483,130,1.0,0.5,0,15,1.0,0.02,0.005,271,288,0.5,0.1,"bajo",20.0,20.0,-0.15,0.2,15.0,0.0,3.0E-4,0.5,0.1,10.0,1.0,0.5,1862799205,0.1,1.0,0.01,0.2714285714285714
484,130,1.0,0.5,0,15,1.0,0.02,0.005,271,288,0.5,0.1,"bajo",20.0,20.0,-0.15,0.2,15.0,0.0,3.0E-4,0.5,0.1,10.0,1.0,0.5,1862799205,0.1,1.0,0.01,0.2857142857142857
485,130,1.0,0.5,0,15,1.0,0.02,0.005,271,288,0.5,0.1,"bajo",20.0,20.0,-0.15,0.2,15.0,0.0,3.0E-4,0.5,0.1,10.0,1.0,0.5,1862799205,0.1,1.0,0.01,0.3
