"run","uplandAmount","costPromotiveDecRate","costDemotiveRes","disturbanceDelay","infert","costDemotiveDecRate","costPromotiveIncRate","fecundityPromotiveIncRate","obTargetID","obSourceID","fecundityPromotiveRes","trafficPromotiveLongCoefficient","observedType","costDemotiveMax","fecundityPromotiveMax","importsCoefficient","trafficPromotiveShortCoefficient","importsYIntercept","trafficDemotiveLongCoefficient","fecundityDemotiveIncRate","costPromotiveRes","fecundityDemotiveDecRate","fecundityDemotiveMax","fecundityDemotiveRes","costPromotiveMax","randomSeed","fecundityPromotiveDecRate","trafficDemotiveShortCoefficient","costDemotiveIncRate","disturbanceRemovalChance"
1,130,1.0,0.5,0,15,1.0,0.02,0.005,271,288,0.5,0.1,"bajo",20.0,20.0,-0.15,0.2,15.0,0.0,3.0E-4,0.5,0.1,10.0,0.5,0.5,-2147483648,0.1,1.0,0.01,0.15
2,130,1.0,0.5,0,15,1.0,0.02,0.005,271,288,0.5,0.1,"bajo",20.0,20.0,-0.15,0.2,15.0,0.0,3.0E-4,0.5,0.1,10.0,0.5,0.5,-2147483648,0.1,1.0,0.01,0.15
3,130,1.0,0.5,0,15,1.0,0.02,0.005,271,288,0.5,0.1,"bajo",20.0,20.0,-0.15,0.2,15.0,0.0,3.0E-4,0.5,0.1,10.0,0.5,0.5,1760462885,0.1,1.0,0.01,0.15
4,130,1.0,0.5,0,15,1.0,0.02,0.005,271,288,0.5,0.1,"bajo",20.0,20.0,-0.15,0.2,15.0,0.0,3.0E-4,0.5,0.1,10.0,0.5,0.5,1217861811,0.1,1.0,0.01,0.15
5,130,1.0,0.5,0,15,1.0,0.02,0.005,271,288,0.5,0.1,"bajo",20.0,20.0,-0.15,0.2,15.0,0.0,3.0E-4,0.5,0.1,10.0,0.5,0.5,735149499,0.1,1.0,0.01,0.15
6,130,1.0,0.5,0,15,1.0,0.02,0.005,271,288,0.5,0.1,"bajo",20.0,20.0,-0.15,0.2,15.0,0.0,3.0E-4,0.5,0.1,10.0,0.5,0.5,-2147483648,0.1,1.0,0.01,0.15
7,130,1.0,0.5,0,15,1.0,0.02,0.005,271,288,0.5,0.1,"bajo",20.0,20.0,-0.15,0.2,15.0,0.0,3.0E-4,0.5,0.1,10.0,0.5,0.5,-2147483648,0.1,1.0,0.01,0.15
8,130,1.0,0.5,0,15,1.0,0.02,0.005,271,288,0.5,0.1,"bajo",20.0,20.0,-0.15,0.2,15.0,0.0,3.0E-4,0.5,0.1,10.0,0.5,0.5,-2147483648,0.1,1.0,0.01,0.15
9,130,1.0,0.5,0,15,1.0,0.02,0.005,271,288,0.5,0.1,"bajo",20.0,20.0,-0.15,0.2,15.0,0.0,3.0E-4,0.5,0.1,10.0,0.5,0.5,-2147483648,0.1,1.0,0.01,0.15
10,130,1.0,0.5,0,15,1.0,0.02,0.005,271,288,0.5,0.1,"bajo",20.0,20.0,-0.15,0.2,15.0,0.0,3.0E-4,0.5,0.1,10.0,0.5,0.5,-2147483648,0.1,1.0,0.01,0.15
11,0,1.0,0.5,0,15,1.0,0.02,0.005,271,288,0.5,0.1,"bajo",20.0,20.0,-0.15,0.2,15.0,0.0,3.0E-4,0.5,0.1,10.0,0.5,0.5,-2147483648,0.1,1.0,0.01,0.15
12,27,1.0,0.5,0,15,1.0,0.02,0.005,271,288,0.5,0.1,"bajo",20.0,20.0,-0.15,0.2,15.0,0.0,3.0E-4,0.5,0.1,10.0,0.5,0.5,-2147483648,0.1,1.0,0.01,0.15
13,55,1.0,0.5,0,15,1.0,0.02,0.005,271,288,0.5,0.1,"bajo",20.0,20.0,-0.15,0.2,15.0,0.0,3.0E-4,0.5,0.1,10.0,0.5,0.5,-2147483648,0.1,1.0,0.01,0.15
14,83,1.0,0.5,0,15,1.0,0.02,0.005,271,288,0.5,0.1,"bajo",20.0,20.0,-0.15,0.2,15.0,0.0,3.0E-4,0.5,0.1,10.0,0.5,0.5,-2147483648,0.1,1.0,0.01,0.15
15,111,1.0,0.5,0,15,1.0,0.02,0.005,271,288,0.5,0.1,"bajo",20.0,20.0,-0.15,0.2,15.0,0.0,3.0E-4,0.5,0.1,10.0,0.5,0.5,-2147483648,0.1,1.0,0.01,0.15
16,138,1.0,0.5,0,15,1.0,0.02,0.005,271,288,0.5,0.1,"bajo",20.0,20.0,-0.15,0.2,15.0,0.0,3.0E-4,0.5,0.1,10.0,0.5,0.5,-2147483648,0.1,1.0,0.01,0.15
17,166,1.0,0.5,0,15,1.0,0.02,0.005,271,288,0.5,0.1,"bajo",20.0,20.0,-0.15,0.2,15.0,0.0,3.0E-4,0.5,0.1,10.0,0.5,0.5,-2147483648,0.1,1.0,0.01,0.15
18,194,1.0,0.5,0,15,1.0,0.02,0.005,271,288,0.5,0.1,"bajo",20.0,20.0,-0.15,0.2,15.0,0.0,3.0E-4,0.5,0.1,10.0,0.5,0.5,-2147483648,0.1,1.0,0.01,0.15
19,222,1.0,0.5,0,15,1.0,0.02,0.005,271,288,0.5,0.1,"bajo",20.0,20.0,-0.15,0.2,15.0,0.0,3.0E-4,0.5,0.1,10.0,0.5,0.5,-2147483648,0.1,1.0,0.01,0.15
20,250,1.0,0.5,0,15,1.0,0.02,0.005,271,288,0.5,0.1,"bajo",20.0,20.0,-0.15,0.2,15.0,0.0,3.0E-4,0.5,0.1,10.0,0.5,0.5,-2147483648,0.1,1.0,0.01,0.15
21,250,1.0,0.5,0,15,1.0,0.02,0.005,271,288,0.5,0.1,"bajo",20.0,20.0,-0.15,0.2,15.0,0.0,3.0E-4,0.5,0.1,10.0,0.5,0.5,-2147483648,0.1,1.0,0.01,0.0
22,250,1.0,0.5,0,15,1.0,0.02,0.005,271,288,0.5,0.1,"bajo",20.0,20.0,-0.15,0.2,15.0,0.0,3.0E-4,0.5,0.1,10.0,0.5,0.5,1869940808,0.1,1.0,0.01,0.03333333333333333
23,250,1.0,0.5,0,15,1.0,0.02,0.005,271,288,0.5,0.1,"bajo",20.0,20.0,-0.15,0.2,15.0,0.0,3.0E-4,0.5,0.1,10.0,0.5,0.5,-2147483648,0.1,1.0,0.01,0.06666666666666667
24,250,1.0,0.5,0,15,1.0,0.02,0.005,271,288,0.5,0.1,"bajo",20.0,20.0,-0.15,0.2,15.0,0.0,3.0E-4,0.5,0.1,10.0,0.5,0.5,-2147483648,0.1,1.0,0.01,0.1
25,250,1.0,0.5,0,15,1.0,0.02,0.005,271,288,0.5,0.1,"bajo",20.0,20.0,-0.15,0.2,15.0,0.0,3.0E-4,0.5,0.1,10.0,0.5,0.5,-2147483648,0.1,1.0,0.01,0.13333333333333333
26,250,1.0,0.5,0,15,1.0,0.02,0.005,271,288,0.5,0.1,"bajo",20.0,20.0,-0.15,0.2,15.0,0.0,3.0E-4,0.5,0.1,10.0,0.5,0.5,-2147483648,0.1,1.0,0.01,0.16666666666666666
27,250,1.0,0.5,0,15,1.0,0.02,0.005,271,288,0.5,0.1,"bajo",20.0,20.0,-0.15,0.2,15.0,0.0,3.0E-4,0.5,0.1,10.0,0.5,0.5,-2147483648,0.1,1.0,0.01,0.2
28,250,1.0,0.5,0,15,1.0,0.02,0.005,271,288,0.5,0.1,"bajo",20.0,20.0,-0.15,0.2,15.0,0.0,3.0E-4,0.5,0.1,10.0,0.5,0.5,-2147483648,0.1,1.0,0.01,0.23333333333333334
29,250,1.0,0.5,0,15,1.0,0.02,0.005,271,288,0.5,0.1,"bajo",20.0,20.0,-0.15,0.2,15.0,0.0,3.0E-4,0.5,0.1,10.0,0.5,0.5,-2147483648,0.1,1.0,0.01,0.26666666666666666
30,250,1.0,0.5,0,15,1.0,0.02,0.005,271,288,0.5,0.1,"bajo",20.0,20.0,-0.15,0.2,15.0,0.0,3.0E-4,0.5,0.1,10.0,0.5,0.5,1521842637,0.1,1.0,0.01,0.3
31,250,1.0,0.5,0,15,1.0,0.02,0.005,271,288,0.5,0.1,"bajo",20.0,20.0,-0.15,0.2,15.0,0.0,3.0E-4,0.0,0.1,10.0,0.5,0.5,1819695047,0.1,1.0,0.01,0.3
32,250,1.0,0.5,0,15,1.0,0.02,0.005,271,288,0.5,0.1,"bajo",20.0,20.0,-0.15,0.2,15.0,0.0,3.0E-4,0.1111111111111111,0.1,10.0,0.5,0.5,1000706409,0.1,1.0,0.01,0.3
33,250,1.0,0.5,0,15,1.0,0.02,0.005,271,288,0.5,0.1,"bajo",20.0,20.0,-0.15,0.2,15.0,0.0,3.0E-4,0.2222222222222222,0.1,10.0,0.5,0.5,-2147483648,0.1,1.0,0.01,0.3
34,250,1.0,0.5,0,15,1.0,0.02,0.005,271,288,0.5,0.1,"bajo",20.0,20.0,-0.15,0.2,15.0,0.0,3.0E-4,0.3333333333333333,0.1,10.0,0.5,0.5,-2147483648,0.1,1.0,0.01,0.3
35,250,1.0,0.5,0,15,1.0,0.02,0.005,271,288,0.5,0.1,"bajo",20.0,20.0,-0.15,0.2,15.0,0.0,3.0E-4,0.4444444444444444,0.1,10.0,0.5,0.5,-2147483648,0.1,1.0,0.01,0.3
36,250,1.0,0.5,0,15,1.0,0.02,0.005,271,288,0.5,0.1,"bajo",20.0,20.0,-0.15,0.2,15.0,0.0,3.0E-4,0.5555555555555556,0.1,10.0,0.5,0.5,-2147483648,0.1,1.0,0.01,0.3
37,250,1.0,0.5,0,15,1.0,0.02,0.005,271,288,0.5,0.1,"bajo",20.0,20.0,-0.15,0.2,15.0,0.0,3.0E-4,0.6666666666666666,0.1,10.0,0.5,0.5,-2147483648,0.1,1.0,0.01,0.3
38,250,1.0,0.5,0,15,1.0,0.02,0.005,271,288,0.5,0.1,"bajo",20.0,20.0,-0.15,0.2,15.0,0.0,3.0E-4,0.7777777777777777,0.1,10.0,0.5,0.5,1380021760,0.1,1.0,0.01,0.3
39,250,1.0,0.5,0,15,1.0,0.02,0.005,271,288,0.5,0.1,"bajo",20.0,20.0,-0.15,0.2,15.0,0.0,3.0E-4,0.8888888888888888,0.1,10.0,0.5,0.5,593144097,0.1,1.0,0.01,0.3
40,250,1.0,0.5,0,15,1.0,0.02,0.005,271,288,0.5,0.1,"bajo",20.0,20.0,-0.15,0.2,15.0,0.0,3.0E-4,1.0,0.1,10.0,0.5,0.5,57826791,0.1,1.0,0.01,0.3
41,250,1.0,0.5,0,15,1.0,0.0,0.005,271,288,0.5,0.1,"bajo",20.0,20.0,-0.15,0.2,15.0,0.0,3.0E-4,1.0,0.1,10.0,0.5,0.5,-2147483648,0.1,1.0,0.01,0.3
42,250,1.0,0.5,0,15,1.0,0.0022222222222222222,0.005,271,288,0.5,0.1,"bajo",20.0,20.0,-0.15,0.2,15.0,0.0,3.0E-4,1.0,0.1,10.0,0.5,0.5,-2147483648,0.1,1.0,0.01,0.3
43,250,1.0,0.5,0,15,1.0,0.0044444444444444444,0.005,271,288,0.5,0.1,"bajo",20.0,20.0,-0.15,0.2,15.0,0.0,3.0E-4,1.0,0.1,10.0,0.5,0.5,-2147483648,0.1,1.0,0.01,0.3
44,250,1.0,0.5,0,15,1.0,0.006666666666666666,0.005,271,288,0.5,0.1,"bajo",20.0,20.0,-0.15,0.2,15.0,0.0,3.0E-4,1.0,0.1,10.0,0.5,0.5,-2147483648,0.1,1.0,0.01,0.3
45,250,1.0,0.5,0,15,1.0,0.008888888888888889,0.005,271,288,0.5,0.1,"bajo",20.0,20.0,-0.15,0.2,15.0,0.0,3.0E-4,1.0,0.1,10.0,0.5,0.5,241858260,0.1,1.0,0.01,0.3
46,250,1.0,0.5,0,15,1.0,0.011111111111111112,0.005,271,288,0.5,0.1,"bajo",20.0,20.0,-0.15,0.2,15.0,0.0,3.0E-4,1.0,0.1,10.0,0.5,0.5,-2147483648,0.1,1.0,0.01,0.3
47,250,1.0,0.5,0,15,1.0,0.013333333333333332,0.005,271,288,0.5,0.1,"bajo",20.0,20.0,-0.15,0.2,15.0,0.0,3.0E-4,1.0,0.1,10.0,0.5,0.5,-2147483648,0.1,1.0,0.01,0.3
48,250,1.0,0.5,0,15,1.0,0.015555555555555555,0.005,271,288,0.5,0.1,"bajo",20.0,20.0,-0.15,0.2,15.0,0.0,3.0E-4,1.0,0.1,10.0,0.5,0.5,79632131,0.1,1.0,0.01,0.3
49,250,1.0,0.5,0,15,1.0,0.017777777777777778,0.005,271,288,0.5,0.1,"bajo",20.0,20.0,-0.15,0.2,15.0,0.0,3.0E-4,1.0,0.1,10.0,0.5,0.5,-2147483648,0.1,1.0,0.01,0.3
50,250,1.0,0.5,0,15,1.0,0.02,0.005,271,288,0.5,0.1,"bajo",20.0,20.0,-0.15,0.2,15.0,0.0,3.0E-4,1.0,0.1,10.0,0.5,0.5,-2147483648,0.1,1.0,0.01,0.3
51,250,1.0,0.0,0,15,1.0,0.02,0.005,271,288,0.5,0.1,"bajo",20.0,20.0,-0.15,0.2,15.0,0.0,3.0E-4,1.0,0.1,10.0,0.5,0.5,-2147483648,0.1,1.0,0.01,0.3
52,250,1.0,0.1111111111111111,0,15,1.0,0.02,0.005,271,288,0.5,0.1,"bajo",20.0,20.0,-0.15,0.2,15.0,0.0,3.0E-4,1.0,0.1,10.0,0.5,0.5,-2147483648,0.1,1.0,0.01,0.3
53,250,1.0,0.2222222222222222,0,15,1.0,0.02,0.005,271,288,0.5,0.1,"bajo",20.0,20.0,-0.15,0.2,15.0,0.0,3.0E-4,1.0,0.1,10.0,0.5,0.5,1839802923,0.1,1.0,0.01,0.3
54,250,1.0,0.3333333333333333,0,15,1.0,0.02,0.005,271,288,0.5,0.1,"bajo",20.0,20.0,-0.15,0.2,15.0,0.0,3.0E-4,1.0,0.1,10.0,0.5,0.5,-2147483648,0.1,1.0,0.01,0.3
55,250,1.0,0.4444444444444444,0,15,1.0,0.02,0.005,271,288,0.5,0.1,"bajo",20.0,20.0,-0.15,0.2,15.0,0.0,3.0E-4,1.0,0.1,10.0,0.5,0.5,-2147483648,0.1,1.0,0.01,0.3
56,250,1.0,0.5555555555555556,0,15,1.0,0.02,0.005,271,288,0.5,0.1,"bajo",20.0,20.0,-0.15,0.2,15.0,0.0,3.0E-4,1.0,0.1,10.0,0.5,0.5,436374598,0.1,1.0,0.01,0.3
57,250,1.0,0.6666666666666666,0,15,1.0,0.02,0.005,271,288,0.5,0.1,"bajo",20.0,20.0,-0.15,0.2,15.0,0.0,3.0E-4,1.0,0.1,10.0,0.5,0.5,-2147483648,0.1,1.0,0.01,0.3
58,250,1.0,0.7777777777777777,0,15,1.0,0.02,0.005,271,288,0.5,0.1,"bajo",20.0,20.0,-0.15,0.2,15.0,0.0,3.0E-4,1.0,0.1,10.0,0.5,0.5,-2147483648,0.1,1.0,0.01,0.3
59,250,1.0,0.8888888888888888,0,15,1.0,0.02,0.005,271,288,0.5,0.1,"bajo",20.0,20.0,-0.15,0.2,15.0,0.0,3.0E-4,1.0,0.1,10.0,0.5,0.5,-2147483648,0.1,1.0,0.01,0.3
60,250,1.0,1.0,0,15,1.0,0.02,0.005,271,288,0.5,0.1,"bajo",20.0,20.0,-0.15,0.2,15.0,0.0,3.0E-4,1.0,0.1,10.0,0.5,0.5,-2147483648,0.1,1.0,0.01,0.3
61,250,1.0,1.0,0,15,1.0,0.02,0.005,271,288,0.5,0.1,"bajo",20.0,20.0,-0.15,0.2,15.0,0.0,3.0E-4,1.0,0.1,10.0,0.5,0.5,1627208934,0.1,1.0,0.0,0.3
62,250,1.0,1.0,0,15,1.0,0.02,0.005,271,288,0.5,0.1,"bajo",20.0,20.0,-0.15,0.2,15.0,0.0,3.0E-4,1.0,0.1,10.0,0.5,0.5,-2147483648,0.1,1.0,0.005555555555555556,0.3
63,250,1.0,1.0,0,15,1.0,0.02,0.005,271,288,0.5,0.1,"bajo",20.0,20.0,-0.15,0.2,15.0,0.0,3.0E-4,1.0,0.1,10.0,0.5,0.5,1880219634,0.1,1.0,0.011111111111111112,0.3
64,250,1.0,1.0,0,15,1.0,0.02,0.005,271,288,0.5,0.1,"bajo",20.0,20.0,-0.15,0.2,15.0,0.0,3.0E-4,1.0,0.1,10.0,0.5,0.5,-2147483648,0.1,1.0,0.016666666666666666,0.3
65,250,1.0,1.0,0,15,1.0,0.02,0.005,271,288,0.5,0.1,"bajo",20.0,20.0,-0.15,0.2,15.0,0.0,3.0E-4,1.0,0.1,10.0,0.5,0.5,-2147483648,0.1,1.0,0.022222222222222223,0.3
66,250,1.0,1.0,0,15,1.0,0.02,0.005,271,288,0.5,0.1,"bajo",20.0,20.0,-0.15,0.2,15.0,0.0,3.0E-4,1.0,0.1,10.0,0.5,0.5,-2147483648,0.1,1.0,0.02777777777777778,0.3
67,250,1.0,1.0,0,15,1.0,0.02,0.005,271,288,0.5,0.1,"bajo",20.0,20.0,-0.15,0.2,15.0,0.0,3.0E-4,1.0,0.1,10.0,0.5,0.5,-2147483648,0.1,1.0,0.03333333333333333,0.3
68,250,1.0,1.0,0,15,1.0,0.02,0.005,271,288,0.5,0.1,"bajo",20.0,20.0,-0.15,0.2,15.0,0.0,3.0E-4,1.0,0.1,10.0,0.5,0.5,-2147483648,0.1,1.0,0.03888888888888889,0.3
69,250,1.0,1.0,0,15,1.0,0.02,0.005,271,288,0.5,0.1,"bajo",20.0,20.0,-0.15,0.2,15.0,0.0,3.0E-4,1.0,0.1,10.0,0.5,0.5,-2147483648,0.1,1.0,0.044444444444444446,0.3
70,250,1.0,1.0,0,15,1.0,0.02,0.005,271,288,0.5,0.1,"bajo",20.0,20.0,-0.15,0.2,15.0,0.0,3.0E-4,1.0,0.1,10.0,0.5,0.5,-2147483648,0.1,1.0,0.05,0.3
71,250,1.0,1.0,0,15,1.0,0.02,0.005,271,288,0.0,0.1,"bajo",20.0,20.0,-0.15,0.2,15.0,0.0,3.0E-4,1.0,0.1,10.0,0.5,0.5,-2147483648,0.1,1.0,0.05,0.3
72,250,1.0,1.0,0,15,1.0,0.02,0.005,271,288,0.1111111111111111,0.1,"bajo",20.0,20.0,-0.15,0.2,15.0,0.0,3.0E-4,1.0,0.1,10.0,0.5,0.5,-2147483648,0.1,1.0,0.05,0.3
73,250,1.0,1.0,0,15,1.0,0.02,0.005,271,288,0.2222222222222222,0.1,"bajo",20.0,20.0,-0.15,0.2,15.0,0.0,3.0E-4,1.0,0.1,10.0,0.5,0.5,-2147483648,0.1,1.0,0.05,0.3
74,250,1.0,1.0,0,15,1.0,0.02,0.005,271,288,0.3333333333333333,0.1,"bajo",20.0,20.0,-0.15,0.2,15.0,0.0,3.0E-4,1.0,0.1,10.0,0.5,0.5,-2147483648,0.1,1.0,0.05,0.3
75,250,1.0,1.0,0,15,1.0,0.02,0.005,271,288,0.4444444444444444,0.1,"bajo",20.0,20.0,-0.15,0.2,15.0,0.0,3.0E-4,1.0,0.1,10.0,0.5,0.5,-2147483648,0.1,1.0,0.05,0.3
76,250,1.0,1.0,0,15,1.0,0.02,0.005,271,288,0.5555555555555556,0.1,"bajo",20.0,20.0,-0.15,0.2,15.0,0.0,3.0E-4,1.0,0.1,10.0,0.5,0.5,1628059858,0.1,1.0,0.05,0.3
77,250,1.0,1.0,0,15,1.0,0.02,0.005,271,288,0.6666666666666666,0.1,"bajo",20.0,20.0,-0.15,0.2,15.0,0.0,3.0E-4,1.0,0.1,10.0,0.5,0.5,-2147483648,0.1,1.0,0.05,0.3
78,250,1.0,1.0,0,15,1.0,0.02,0.005,271,288,0.7777777777777777,0.1,"bajo",20.0,20.0,-0.15,0.2,15.0,0.0,3.0E-4,1.0,0.1,10.0,0.5,0.5,-2147483648,0.1,1.0,0.05,0.3
79,250,1.0,1.0,0,15,1.0,0.02,0.005,271,288,0.8888888888888888,0.1,"bajo",20.0,20.0,-0.15,0.2,15.0,0.0,3.0E-4,1.0,0.1,10.0,0.5,0.5,925373718,0.1,1.0,0.05,0.3
80,250,1.0,1.0,0,15,1.0,0.02,0.005,271,288,1.0,0.1,"bajo",20.0,20.0,-0.15,0.2,15.0,0.0,3.0E-4,1.0,0.1,10.0,0.5,0.5,-2147483648,0.1,1.0,0.05,0.3
81,250,1.0,1.0,0,15,1.0,0.02,0.0,271,288,1.0,0.1,"bajo",20.0,20.0,-0.15,0.2,15.0,0.0,3.0E-4,1.0,0.1,10.0,0.5,0.5,-2147483648,0.1,1.0,0.05,0.3
82,250,1.0,1.0,0,15,1.0,0.02,0.0011111111111111111,271,288,1.0,0.1,"bajo",20.0,20.0,-0.15,0.2,15.0,0.0,3.0E-4,1.0,0.1,10.0,0.5,0.5,-2147483648,0.1,1.0,0.05,0.3
83,250,1.0,1.0,0,15,1.0,0.02,0.0022222222222222222,271,288,1.0,0.1,"bajo",20.0,20.0,-0.15,0.2,15.0,0.0,3.0E-4,1.0,0.1,10.0,0.5,0.5,-2147483648,0.1,1.0,0.05,0.3
84,250,1.0,1.0,0,15,1.0,0.02,0.003333333333333333,271,288,1.0,0.1,"bajo",20.0,20.0,-0.15,0.2,15.0,0.0,3.0E-4,1.0,0.1,10.0,0.5,0.5,-2147483648,0.1,1.0,0.05,0.3
85,250,1.0,1.0,0,15,1.0,0.02,0.0044444444444444444,271,288,1.0,0.1,"bajo",20.0,20.0,-0.15,0.2,15.0,0.0,3.0E-4,1.0,0.1,10.0,0.5,0.5,-2147483648,0.1,1.0,0.05,0.3
86,250,1.0,1.0,0,15,1.0,0.02,0.005555555555555556,271,288,1.0,0.1,"bajo",20.0,20.0,-0.15,0.2,15.0,0.0,3.0E-4,1.0,0.1,10.0,0.5,0.5,-2147483648,0.1,1.0,0.05,0.3
87,250,1.0,1.0,0,15,1.0,0.02,0.006666666666666666,271,288,1.0,0.1,"bajo",20.0,20.0,-0.15,0.2,15.0,0.0,3.0E-4,1.0,0.1,10.0,0.5,0.5,-2147483648,0.1,1.0,0.05,0.3
88,250,1.0,1.0,0,15,1.0,0.02,0.0077777777777777776,271,288,1.0,0.1,"bajo",20.0,20.0,-0.15,0.2,15.0,0.0,3.0E-4,1.0,0.1,10.0,0.5,0.5,-2147483648,0.1,1.0,0.05,0.3
89,250,1.0,1.0,0,15,1.0,0.02,0.008888888888888889,271,288,1.0,0.1,"bajo",20.0,20.0,-0.15,0.2,15.0,0.0,3.0E-4,1.0,0.1,10.0,0.5,0.5,-2147483648,0.1,1.0,0.05,0.3
90,250,1.0,1.0,0,15,1.0,0.02,0.01,271,288,1.0,0.1,"bajo",20.0,20.0,-0.15,0.2,15.0,0.0,3.0E-4,1.0,0.1,10.0,0.5,0.5,-2147483648,0.1,1.0,0.05,0.3
91,250,1.0,1.0,0,15,1.0,0.02,0.01,271,288,1.0,0.1,"bajo",20.0,20.0,-0.15,0.2,15.0,0.0,3.0E-4,1.0,0.1,10.0,0.5,0.5,55356943,0.1,1.0,0.05,0.3
92,250,1.0,1.0,0,15,1.0,0.02,0.01,271,288,1.0,0.1,"bajo",20.0,20.0,-0.15,0.2,15.0,0.0,3.0E-4,1.0,0.1,10.0,0.5,0.5,-2147483648,0.1,1.0,0.05,0.3
93,250,1.0,1.0,0,15,1.0,0.02,0.01,271,288,1.0,0.1,"bajo",20.0,20.0,-0.15,0.2,15.0,0.0,3.0E-4,1.0,0.1,10.0,0.5,0.5,-2147483648,0.1,1.0,0.05,0.3
94,250,1.0,1.0,0,15,1.0,0.02,0.01,271,288,1.0,0.1,"bajo",20.0,20.0,-0.15,0.2,15.0,0.0,3.0E-4,1.0,0.1,10.0,0.5,0.5,-2147483648,0.1,1.0,0.05,0.3
95,250,1.0,1.0,0,15,1.0,0.02,0.01,271,288,1.0,0.1,"bajo",20.0,20.0,-0.15,0.2,15.0,0.0,3.0E-4,1.0,0.1,10.0,0.5,0.5,-2147483648,0.1,1.0,0.05,0.3
96,250,1.0,1.0,0,15,1.0,0.02,0.01,271,288,1.0,0.1,"bajo",20.0,20.0,-0.15,0.2,15.0,0.0,3.0E-4,1.0,0.1,10.0,0.5,0.5,-2147483648,0.1,1.0,0.05,0.3
97,250,1.0,1.0,0,15,1.0,0.02,0.01,271,288,1.0,0.1,"bajo",20.0,20.0,-0.15,0.2,15.0,0.0,3.0E-4,1.0,0.1,10.0,0.5,0.5,-2147483648,0.1,1.0,0.05,0.3
98,250,1.0,1.0,0,15,1.0,0.02,0.01,271,288,1.0,0.1,"bajo",20.0,20.0,-0.15,0.2,15.0,0.0,3.0E-4,1.0,0.1,10.0,0.5,0.5,-2147483648,0.1,1.0,0.05,0.3
99,250,1.0,1.0,0,15,1.0,0.02,0.01,271,288,1.0,0.1,"bajo",20.0,20.0,-0.15,0.2,15.0,0.0,3.0E-4,1.0,0.1,10.0,0.5,0.5,-2147483648,0.1,1.0,0.05,0.3
100,250,1.0,1.0,0,15,1.0,0.02,0.01,271,288,1.0,0.1,"bajo",20.0,20.0,-0.15,0.2,15.0,0.0,3.0E-4,1.0,0.1,10.0,0.5,0.5,-2147483648,0.1,1.0,0.05,0.3
101,250,1.0,1.0,0,15,1.0,0.02,0.01,271,288,1.0,0.1,"bajo",20.0,20.0,-0.15,0.2,15.0,0.0,0.0,1.0,0.1,10.0,0.5,0.5,-2147483648,0.1,1.0,0.05,0.3
102,250,1.0,1.0,0,15,1.0,0.02,0.01,271,288,1.0,0.1,"bajo",20.0,20.0,-0.15,0.2,15.0,0.0,2.777777777777778E-4,1.0,0.1,10.0,0.5,0.5,-2147483648,0.1,1.0,0.05,0.3
103,250,1.0,1.0,0,15,1.0,0.02,0.01,271,288,1.0,0.1,"bajo",20.0,20.0,-0.15,0.2,15.0,0.0,5.555555555555556E-4,1.0,0.1,10.0,0.5,0.5,1093367501,0.1,1.0,0.05,0.3
104,250,1.0,1.0,0,15,1.0,0.02,0.01,271,288,1.0,0.1,"bajo",20.0,20.0,-0.15,0.2,15.0,0.0,8.333333333333333E-4,1.0,0.1,10.0,0.5,0.5,-2147483648,0.1,1.0,0.05,0.3
105,250,1.0,1.0,0,15,1.0,0.02,0.01,271,288,1.0,0.1,"bajo",20.0,20.0,-0.15,0.2,15.0,0.0,0.0011111111111111111,1.0,0.1,10.0,0.5,0.5,-2147483648,0.1,1.0,0.05,0.3
106,250,1.0,1.0,0,15,1.0,0.02,0.01,271,288,1.0,0.1,"bajo",20.0,20.0,-0.15,0.2,15.0,0.0,0.001388888888888889,1.0,0.1,10.0,0.5,0.5,-2147483648,0.1,1.0,0.05,0.3
107,250,1.0,1.0,0,15,1.0,0.02,0.01,271,288,1.0,0.1,"bajo",20.0,20.0,-0.15,0.2,15.0,0.0,0.0016666666666666666,1.0,0.1,10.0,0.5,0.5,-2147483648,0.1,1.0,0.05,0.3
108,250,1.0,1.0,0,15,1.0,0.02,0.01,271,288,1.0,0.1,"bajo",20.0,20.0,-0.15,0.2,15.0,0.0,0.0019444444444444444,1.0,0.1,10.0,0.5,0.5,-2147483648,0.1,1.0,0.05,0.3
109,250,1.0,1.0,0,15,1.0,0.02,0.01,271,288,1.0,0.1,"bajo",20.0,20.0,-0.15,0.2,15.0,0.0,0.0022222222222222222,1.0,0.1,10.0,0.5,0.5,-2147483648,0.1,1.0,0.05,0.3
110,250,1.0,1.0,0,15,1.0,0.02,0.01,271,288,1.0,0.1,"bajo",20.0,20.0,-0.15,0.2,15.0,0.0,0.0025,1.0,0.1,10.0,0.5,0.5,-2147483648,0.1,1.0,0.05,0.3
111,0,1.0,1.0,0,15,1.0,0.02,0.01,271,288,1.0,0.1,"bajo",20.0,20.0,-0.15,0.2,15.0,0.0,0.0025,1.0,0.1,10.0,0.5,0.5,968974330,0.1,1.0,0.05,0.3
112,27,1.0,1.0,0,15,1.0,0.02,0.01,271,288,1.0,0.1,"bajo",20.0,20.0,-0.15,0.2,15.0,0.0,0.0025,1.0,0.1,10.0,0.5,0.5,-2147483648,0.1,1.0,0.05,0.3
113,55,1.0,1.0,0,15,1.0,0.02,0.01,271,288,1.0,0.1,"bajo",20.0,20.0,-0.15,0.2,15.0,0.0,0.0025,1.0,0.1,10.0,0.5,0.5,2119806187,0.1,1.0,0.05,0.3
114,83,1.0,1.0,0,15,1.0,0.02,0.01,271,288,1.0,0.1,"bajo",20.0,20.0,-0.15,0.2,15.0,0.0,0.0025,1.0,0.1,10.0,0.5,0.5,-2147483648,0.1,1.0,0.05,0.3
115,111,1.0,1.0,0,15,1.0,0.02,0.01,271,288,1.0,0.1,"bajo",20.0,20.0,-0.15,0.2,15.0,0.0,0.0025,1.0,0.1,10.0,0.5,0.5,-2147483648,0.1,1.0,0.05,0.3
116,138,1.0,1.0,0,15,1.0,0.02,0.01,271,288,1.0,0.1,"bajo",20.0,20.0,-0.15,0.2,15.0,0.0,0.0025,1.0,0.1,10.0,0.5,0.5,-2147483648,0.1,1.0,0.05,0.3
117,166,1.0,1.0,0,15,1.0,0.02,0.01,271,288,1.0,0.1,"bajo",20.0,20.0,-0.15,0.2,15.0,0.0,0.0025,1.0,0.1,10.0,0.5,0.5,539654530,0.1,1.0,0.05,0.3
118,194,1.0,1.0,0,15,1.0,0.02,0.01,271,288,1.0,0.1,"bajo",20.0,20.0,-0.15,0.2,15.0,0.0,0.0025,1.0,0.1,10.0,0.5,0.5,-2147483648,0.1,1.0,0.05,0.3
119,222,1.0,1.0,0,15,1.0,0.02,0.01,271,288,1.0,0.1,"bajo",20.0,20.0,-0.15,0.2,15.0,0.0,0.0025,1.0,0.1,10.0,0.5,0.5,309761289,0.1,1.0,0.05,0.3
120,250,1.0,1.0,0,15,1.0,0.02,0.01,271,288,1.0,0.1,"bajo",20.0,20.0,-0.15,0.2,15.0,0.0,0.0025,1.0,0.1,10.0,0.5,0.5,-2147483648,0.1,1.0,0.05,0.3
