"run","uplandAmount","costPromotiveDecRate","costDemotiveRes","disturbanceDelay","infert","costDemotiveDecRate","costPromotiveIncRate","fecundityPromotiveIncRate","obTargetID","obSourceID","fecundityPromotiveRes","trafficPromotiveLongCoefficient","observedType","costDemotiveMax","fecundityPromotiveMax","importsCoefficient","trafficPromotiveShortCoefficient","importsYIntercept","trafficDemotiveLongCoefficient","fecundityDemotiveIncRate","costPromotiveRes","fecundityDemotiveDecRate","fecundityDemotiveMax","fecundityDemotiveRes","costPromotiveMax","randomSeed","fecundityPromotiveDecRate","trafficDemotiveShortCoefficient","costDemotiveIncRate","disturbanceRemovalChance"
1,130,1.0,0.5,0,15,1.0,0.1,0.005,271,288,0.5,0.1,"bajo",20.0,20.0,-0.15,1.0,15.0,0.0,3.0E-4,0.5,0.1,10.0,0.5,0.5,1744058560,0.1,2.0,0.1,0.15
2,130,1.0,0.5,0,15,1.0,0.1,0.005,271,288,0.5,0.1,"bajo",20.0,20.0,-0.15,1.0,15.0,0.0,3.0E-4,0.5,0.1,10.0,0.5,0.5,1744058560,0.1,2.0,0.1,0.15
3,130,1.0,0.5,0,15,1.0,0.1,0.005,271,288,0.5,0.1,"bajo",20.0,20.0,-0.15,1.0,15.0,0.0,3.0E-4,0.5,0.1,10.0,0.5,0.5,1744058560,0.1,2.0,0.1,0.15
4,130,1.0,0.5,0,15,1.0,0.1,0.005,271,288,0.5,0.1,"bajo",20.0,20.0,-0.15,1.0,15.0,0.0,3.0E-4,0.5,0.1,10.0,0.5,0.5,1744058560,0.1,2.0,0.1,0.15
5,130,1.0,0.5,0,15,1.0,0.1,0.005,271,288,0.5,0.1,"bajo",20.0,20.0,-0.15,1.0,15.0,0.0,3.0E-4,0.5,0.1,10.0,0.5,0.5,1744058560,0.1,2.0,0.1,0.15
6,130,1.0,0.5,0,15,1.0,0.1,0.005,271,288,0.5,0.1,"bajo",20.0,20.0,-0.15,1.0,15.0,0.0,3.0E-4,0.5,0.1,10.0,0.5,0.5,1744058560,0.1,2.0,0.1,0.15
7,130,1.0,0.5,0,15,1.0,0.1,0.005,271,288,0.5,0.1,"bajo",20.0,20.0,-0.15,1.0,15.0,0.0,3.0E-4,0.5,0.1,10.0,0.5,0.5,1744058560,0.1,2.0,0.1,0.15
8,130,1.0,0.5,0,15,1.0,0.1,0.005,271,288,0.5,0.1,"bajo",20.0,20.0,-0.15,1.0,15.0,0.0,3.0E-4,0.5,0.1,10.0,0.5,0.5,1744058560,0.1,2.0,0.1,0.15
9,130,1.0,0.5,0,15,1.0,0.1,0.005,271,288,0.5,0.1,"bajo",20.0,20.0,-0.15,1.0,15.0,0.0,3.0E-4,0.5,0.1,10.0,0.5,0.5,1744058560,0.1,2.0,0.1,0.15
10,130,1.0,0.5,0,15,1.0,0.1,0.005,271,288,0.5,0.1,"bajo",20.0,20.0,-0.15,1.0,15.0,0.0,3.0E-4,0.5,0.1,10.0,0.5,0.5,1744058560,0.1,2.0,0.1,0.15
11,130,1.0,0.5,0,15,1.0,0.1,0.005,271,288,0.5,0.1,"bajo",20.0,20.0,-0.15,1.0,15.0,0.0,3.0E-4,0.5,0.1,10.0,0.5,0.5,1744058560,0.1,2.0,0.1,0.15
12,130,1.0,0.5,0,15,1.0,0.1,0.005,271,288,0.5,0.1,"bajo",20.0,20.0,-0.15,1.0,15.0,0.0,3.0E-4,0.5,0.1,10.0,0.5,0.5,1744058560,0.1,2.0,0.1,0.15
13,130,1.0,0.5,0,15,1.0,0.1,0.005,271,288,0.5,0.1,"bajo",20.0,20.0,-0.15,1.0,15.0,0.0,3.0E-4,0.5,0.1,10.0,0.5,0.5,1744058560,0.1,2.0,0.1,0.15
14,130,1.0,0.5,0,15,1.0,0.1,0.005,271,288,0.5,0.1,"bajo",20.0,20.0,-0.15,1.0,15.0,0.0,3.0E-4,0.5,0.1,10.0,0.5,0.5,1744058560,0.1,2.0,0.1,0.15
15,130,1.0,0.5,0,15,1.0,0.1,0.005,271,288,0.5,0.1,"bajo",20.0,20.0,-0.15,1.0,15.0,0.0,3.0E-4,0.5,0.1,10.0,0.5,0.5,1744058560,0.1,2.0,0.1,0.15
16,130,1.0,0.5,0,15,1.0,0.1,0.005,271,288,0.5,0.1,"bajo",20.0,20.0,-0.15,1.0,15.0,0.0,3.0E-4,0.5,0.1,10.0,0.5,0.5,1744058560,0.1,2.0,0.1,0.15
17,130,1.0,0.5,0,15,1.0,0.1,0.005,271,288,0.5,0.1,"bajo",20.0,20.0,-0.15,1.0,15.0,0.0,3.0E-4,0.5,0.1,10.0,0.5,0.5,1744058560,0.1,2.0,0.1,0.15
18,130,1.0,0.5,0,15,1.0,0.1,0.005,271,288,0.5,0.1,"bajo",20.0,20.0,-0.15,1.0,15.0,0.0,3.0E-4,0.5,0.1,10.0,0.5,0.5,1744058560,0.1,2.0,0.1,0.15
19,130,1.0,0.5,0,15,1.0,0.1,0.005,271,288,0.5,0.1,"bajo",20.0,20.0,-0.15,1.0,15.0,0.0,3.0E-4,0.5,0.1,10.0,0.5,0.5,1744058560,0.1,2.0,0.1,0.15
20,130,1.0,0.5,0,15,1.0,0.1,0.005,271,288,0.5,0.1,"bajo",20.0,20.0,-0.15,1.0,15.0,0.0,3.0E-4,0.5,0.1,10.0,0.5,0.5,1744058560,0.1,2.0,0.1,0.15
21,130,1.0,0.5,0,15,1.0,0.1,0.005,271,288,0.5,0.1,"bajo",20.0,20.0,-0.15,1.0,15.0,0.0,3.0E-4,0.5,0.1,10.0,0.5,0.5,1744058560,0.1,2.0,0.1,0.15
22,130,1.0,0.5,0,15,1.0,0.1,0.005,271,288,0.5,0.1,"bajo",20.0,20.0,-0.15,1.0,15.0,0.0,3.0E-4,0.5,0.1,10.0,0.5,0.5,1744058560,0.1,2.0,0.1,0.15
23,130,1.0,0.5,0,15,1.0,0.1,0.005,271,288,0.5,0.1,"bajo",20.0,20.0,-0.15,1.0,15.0,0.0,3.0E-4,0.5,0.1,10.0,0.5,0.5,1744058560,0.1,2.0,0.1,0.15
24,130,1.0,0.5,0,15,1.0,0.1,0.005,271,288,0.5,0.1,"bajo",20.0,20.0,-0.15,1.0,15.0,0.0,3.0E-4,0.5,0.1,10.0,0.5,0.5,1744058560,0.1,2.0,0.1,0.15
25,130,1.0,0.5,0,15,1.0,0.1,0.005,271,288,0.5,0.1,"bajo",20.0,20.0,-0.15,1.0,15.0,0.0,3.0E-4,0.5,0.1,10.0,0.5,0.5,1744058560,0.1,2.0,0.1,0.15
26,130,1.0,0.5,0,15,1.0,0.1,0.005,271,288,0.5,0.1,"bajo",20.0,20.0,-0.15,1.0,15.0,0.0,3.0E-4,0.5,0.1,10.0,0.5,0.5,1744058560,0.1,2.0,0.1,0.15
27,130,1.0,0.5,0,15,1.0,0.1,0.005,271,288,0.5,0.1,"bajo",20.0,20.0,-0.15,1.0,15.0,0.0,3.0E-4,0.5,0.1,10.0,0.5,0.5,1744058560,0.1,2.0,0.1,0.15
28,130,1.0,0.5,0,15,1.0,0.1,0.005,271,288,0.5,0.1,"bajo",20.0,20.0,-0.15,1.0,15.0,0.0,3.0E-4,0.5,0.1,10.0,0.5,0.5,1744058560,0.1,2.0,0.1,0.15
29,130,1.0,0.5,0,15,1.0,0.1,0.005,271,288,0.5,0.1,"bajo",20.0,20.0,-0.15,1.0,15.0,0.0,3.0E-4,0.5,0.1,10.0,0.5,0.5,1744058560,0.1,2.0,0.1,0.15
30,130,1.0,0.5,0,15,1.0,0.1,0.005,271,288,0.5,0.1,"bajo",20.0,20.0,-0.15,1.0,15.0,0.0,3.0E-4,0.5,0.1,10.0,0.5,0.5,1744058560,0.1,2.0,0.1,0.15
31,130,1.0,0.5,0,15,1.0,0.1,0.005,271,288,0.5,0.1,"bajo",20.0,20.0,-0.15,1.0,15.0,0.0,3.0E-4,0.5,0.1,10.0,0.5,0.5,1744058560,0.1,2.0,0.1,0.15
32,130,1.0,0.5,0,15,1.0,0.1,0.005,271,288,0.5,0.1,"bajo",20.0,20.0,-0.15,1.0,15.0,0.0,3.0E-4,0.5,0.1,10.0,0.5,0.5,1744058560,0.1,2.0,0.1,0.15
33,130,1.0,0.5,0,15,1.0,0.1,0.005,271,288,0.5,0.1,"bajo",20.0,20.0,-0.15,1.0,15.0,0.0,3.0E-4,0.5,0.1,10.0,0.5,0.5,1744058560,0.1,2.0,0.1,0.15
34,130,1.0,0.5,0,15,1.0,0.1,0.005,271,288,0.5,0.1,"bajo",20.0,20.0,-0.15,1.0,15.0,0.0,3.0E-4,0.5,0.1,10.0,0.5,0.5,1744058560,0.1,2.0,0.1,0.15
35,130,1.0,0.5,0,15,1.0,0.1,0.005,271,288,0.5,0.1,"bajo",20.0,20.0,-0.15,1.0,15.0,0.0,3.0E-4,0.5,0.1,10.0,0.5,0.5,1744058560,0.1,2.0,0.1,0.15
36,130,1.0,0.5,0,15,1.0,0.1,0.005,271,288,0.5,0.1,"bajo",20.0,20.0,-0.15,1.0,15.0,0.0,3.0E-4,0.5,0.1,10.0,0.5,0.5,1744058560,0.1,2.0,0.1,0.15
37,130,1.0,0.5,0,15,1.0,0.1,0.005,271,288,0.5,0.1,"bajo",20.0,20.0,-0.15,1.0,15.0,0.0,3.0E-4,0.5,0.1,10.0,0.5,0.5,1744058560,0.1,2.0,0.1,0.15
38,130,1.0,0.5,0,15,1.0,0.1,0.005,271,288,0.5,0.1,"bajo",20.0,20.0,-0.15,1.0,15.0,0.0,3.0E-4,0.5,0.1,10.0,0.5,0.5,1744058560,0.1,2.0,0.1,0.15
39,130,1.0,0.5,0,15,1.0,0.1,0.005,271,288,0.5,0.1,"bajo",20.0,20.0,-0.15,1.0,15.0,0.0,3.0E-4,0.5,0.1,10.0,0.5,0.5,1744058560,0.1,2.0,0.1,0.15
40,130,1.0,0.5,0,15,1.0,0.1,0.005,271,288,0.5,0.1,"bajo",20.0,20.0,-0.15,1.0,15.0,0.0,3.0E-4,0.5,0.1,10.0,0.5,0.5,1744058560,0.1,2.0,0.1,0.15
41,130,1.0,0.5,0,15,1.0,0.1,0.005,271,288,0.5,0.1,"bajo",20.0,20.0,-0.15,1.0,15.0,0.0,3.0E-4,0.5,0.1,10.0,0.5,0.5,1744058560,0.1,2.0,0.1,0.15
42,130,1.0,0.5,0,15,1.0,0.1,0.005,271,288,0.5,0.1,"bajo",20.0,20.0,-0.15,1.0,15.0,0.0,3.0E-4,0.5,0.1,10.0,0.5,0.5,1744058560,0.1,2.0,0.1,0.15
43,130,1.0,0.5,0,15,1.0,0.1,0.005,271,288,0.5,0.1,"bajo",20.0,20.0,-0.15,1.0,15.0,0.0,3.0E-4,0.5,0.1,10.0,0.5,0.5,1744058560,0.1,2.0,0.1,0.15
44,130,1.0,0.5,0,15,1.0,0.1,0.005,271,288,0.5,0.1,"bajo",20.0,20.0,-0.15,1.0,15.0,0.0,3.0E-4,0.5,0.1,10.0,0.5,0.5,1744058560,0.1,2.0,0.1,0.15
45,130,1.0,0.5,0,15,1.0,0.1,0.005,271,288,0.5,0.1,"bajo",20.0,20.0,-0.15,1.0,15.0,0.0,3.0E-4,0.5,0.1,10.0,0.5,0.5,1744058560,0.1,2.0,0.1,0.15
46,130,1.0,0.5,0,15,1.0,0.1,0.005,271,288,0.5,0.1,"bajo",20.0,20.0,-0.15,1.0,15.0,0.0,3.0E-4,0.5,0.1,10.0,0.5,0.5,1744058560,0.1,2.0,0.1,0.15
47,130,1.0,0.5,0,15,1.0,0.1,0.005,271,288,0.5,0.1,"bajo",20.0,20.0,-0.15,1.0,15.0,0.0,3.0E-4,0.5,0.1,10.0,0.5,0.5,1744058560,0.1,2.0,0.1,0.15
48,130,1.0,0.5,0,15,1.0,0.1,0.005,271,288,0.5,0.1,"bajo",20.0,20.0,-0.15,1.0,15.0,0.0,3.0E-4,0.5,0.1,10.0,0.5,0.5,1744058560,0.1,2.0,0.1,0.15
49,130,1.0,0.5,0,15,1.0,0.1,0.005,271,288,0.5,0.1,"bajo",20.0,20.0,-0.15,1.0,15.0,0.0,3.0E-4,0.5,0.1,10.0,0.5,0.5,1744058560,0.1,2.0,0.1,0.15
50,130,1.0,0.5,0,15,1.0,0.1,0.005,271,288,0.5,0.1,"bajo",20.0,20.0,-0.15,1.0,15.0,0.0,3.0E-4,0.5,0.1,10.0,0.5,0.5,1744058560,0.1,2.0,0.1,0.15
51,130,1.0,0.5,0,15,1.0,0.1,0.005,271,288,0.5,0.1,"bajo",20.0,20.0,-0.15,1.0,15.0,0.0,3.0E-4,0.5,0.1,10.0,0.5,0.5,1744058560,0.1,2.0,0.1,0.15
52,130,1.0,0.5,0,15,1.0,0.1,0.005,271,288,0.5,0.1,"bajo",20.0,20.0,-0.15,1.0,15.0,0.0,3.0E-4,0.5,0.1,10.0,0.5,0.5,1744058560,0.1,2.0,0.1,0.15
53,130,1.0,0.5,0,15,1.0,0.1,0.005,271,288,0.5,0.1,"bajo",20.0,20.0,-0.15,1.0,15.0,0.0,3.0E-4,0.5,0.1,10.0,0.5,0.5,1744058560,0.1,2.0,0.1,0.15
54,130,1.0,0.5,0,15,1.0,0.1,0.005,271,288,0.5,0.1,"bajo",20.0,20.0,-0.15,1.0,15.0,0.0,3.0E-4,0.5,0.1,10.0,0.5,0.5,1744058560,0.1,2.0,0.1,0.15
55,130,1.0,0.5,0,15,1.0,0.1,0.005,271,288,0.5,0.1,"bajo",20.0,20.0,-0.15,1.0,15.0,0.0,3.0E-4,0.5,0.1,10.0,0.5,0.5,1744058560,0.1,2.0,0.1,0.15
56,130,1.0,0.5,0,15,1.0,0.1,0.005,271,288,0.5,0.1,"bajo",20.0,20.0,-0.15,1.0,15.0,0.0,3.0E-4,0.5,0.1,10.0,0.5,0.5,1744058560,0.1,2.0,0.1,0.15
57,130,1.0,0.5,0,15,1.0,0.1,0.005,271,288,0.5,0.1,"bajo",20.0,20.0,-0.15,1.0,15.0,0.0,3.0E-4,0.5,0.1,10.0,0.5,0.5,1744058560,0.1,2.0,0.1,0.15
58,130,1.0,0.5,0,15,1.0,0.1,0.005,271,288,0.5,0.1,"bajo",20.0,20.0,-0.15,1.0,15.0,0.0,3.0E-4,0.5,0.1,10.0,0.5,0.5,1744058560,0.1,2.0,0.1,0.15
59,130,1.0,0.5,0,15,1.0,0.1,0.005,271,288,0.5,0.1,"bajo",20.0,20.0,-0.15,1.0,15.0,0.0,3.0E-4,0.5,0.1,10.0,0.5,0.5,1744058560,0.1,2.0,0.1,0.15
60,130,1.0,0.5,0,15,1.0,0.1,0.005,271,288,0.5,0.1,"bajo",20.0,20.0,-0.15,1.0,15.0,0.0,3.0E-4,0.5,0.1,10.0,0.5,0.5,1744058560,0.1,2.0,0.1,0.15
61,130,1.0,0.5,0,15,1.0,0.1,0.005,271,288,0.5,0.1,"bajo",20.0,20.0,-0.15,1.0,15.0,0.0,3.0E-4,0.5,0.1,10.0,0.5,0.5,1744058560,0.1,2.0,0.1,0.15
62,130,1.0,0.5,0,15,1.0,0.1,0.005,271,288,0.5,0.1,"bajo",20.0,20.0,-0.15,1.0,15.0,0.0,3.0E-4,0.5,0.1,10.0,0.5,0.5,1744058560,0.1,2.0,0.1,0.15
63,130,1.0,0.5,0,15,1.0,0.1,0.005,271,288,0.5,0.1,"bajo",20.0,20.0,-0.15,1.0,15.0,0.0,3.0E-4,0.5,0.1,10.0,0.5,0.5,1744058560,0.1,2.0,0.1,0.15
64,130,1.0,0.5,0,15,1.0,0.1,0.005,271,288,0.5,0.1,"bajo",20.0,20.0,-0.15,1.0,15.0,0.0,3.0E-4,0.5,0.1,10.0,0.5,0.5,1744058560,0.1,2.0,0.1,0.15
65,130,1.0,0.5,0,15,1.0,0.1,0.005,271,288,0.5,0.1,"bajo",20.0,20.0,-0.15,1.0,15.0,0.0,3.0E-4,0.5,0.1,10.0,0.5,0.5,1744058560,0.1,2.0,0.1,0.15
66,130,1.0,0.5,0,15,1.0,0.1,0.005,271,288,0.5,0.1,"bajo",20.0,20.0,-0.15,1.0,15.0,0.0,3.0E-4,0.5,0.1,10.0,0.5,0.5,1744058560,0.1,2.0,0.1,0.15
67,130,1.0,0.5,0,15,1.0,0.1,0.005,271,288,0.5,0.1,"bajo",20.0,20.0,-0.15,1.0,15.0,0.0,3.0E-4,0.5,0.1,10.0,0.5,0.5,1744058560,0.1,2.0,0.1,0.15
68,130,1.0,0.5,0,15,1.0,0.1,0.005,271,288,0.5,0.1,"bajo",20.0,20.0,-0.15,1.0,15.0,0.0,3.0E-4,0.5,0.1,10.0,0.5,0.5,1744058560,0.1,2.0,0.1,0.15
69,130,1.0,0.5,0,15,1.0,0.1,0.005,271,288,0.5,0.1,"bajo",20.0,20.0,-0.15,1.0,15.0,0.0,3.0E-4,0.5,0.1,10.0,0.5,0.5,1744058560,0.1,2.0,0.1,0.15
70,130,1.0,0.5,0,15,1.0,0.1,0.005,271,288,0.5,0.1,"bajo",20.0,20.0,-0.15,1.0,15.0,0.0,3.0E-4,0.5,0.1,10.0,0.5,0.5,1744058560,0.1,2.0,0.1,0.15
71,130,1.0,0.5,0,15,1.0,0.1,0.005,271,288,0.5,0.1,"bajo",20.0,20.0,-0.15,1.0,15.0,0.0,3.0E-4,0.5,0.1,10.0,0.5,0.5,1744058560,0.1,2.0,0.1,0.15
72,130,1.0,0.5,0,15,1.0,0.1,0.005,271,288,0.5,0.1,"bajo",20.0,20.0,-0.15,1.0,15.0,0.0,3.0E-4,0.5,0.1,10.0,0.5,0.5,1744058560,0.1,2.0,0.1,0.15
73,130,1.0,0.5,0,15,1.0,0.1,0.005,271,288,0.5,0.1,"bajo",20.0,20.0,-0.15,1.0,15.0,0.0,3.0E-4,0.5,0.1,10.0,0.5,0.5,1744058560,0.1,2.0,0.1,0.15
74,130,1.0,0.5,0,15,1.0,0.1,0.005,271,288,0.5,0.1,"bajo",20.0,20.0,-0.15,1.0,15.0,0.0,3.0E-4,0.5,0.1,10.0,0.5,0.5,1744058560,0.1,2.0,0.1,0.15
75,130,1.0,0.5,0,15,1.0,0.1,0.005,271,288,0.5,0.1,"bajo",20.0,20.0,-0.15,1.0,15.0,0.0,3.0E-4,0.5,0.1,10.0,0.5,0.5,1744058560,0.1,2.0,0.1,0.15
76,130,1.0,0.5,0,15,1.0,0.1,0.005,271,288,0.5,0.1,"bajo",20.0,20.0,-0.15,1.0,15.0,0.0,3.0E-4,0.5,0.1,10.0,0.5,0.5,1744058560,0.1,2.0,0.1,0.15
77,130,1.0,0.5,0,15,1.0,0.1,0.005,271,288,0.5,0.1,"bajo",20.0,20.0,-0.15,1.0,15.0,0.0,3.0E-4,0.5,0.1,10.0,0.5,0.5,1744058560,0.1,2.0,0.1,0.15
78,130,1.0,0.5,0,15,1.0,0.1,0.005,271,288,0.5,0.1,"bajo",20.0,20.0,-0.15,1.0,15.0,0.0,3.0E-4,0.5,0.1,10.0,0.5,0.5,1744058560,0.1,2.0,0.1,0.15
79,130,1.0,0.5,0,15,1.0,0.1,0.005,271,288,0.5,0.1,"bajo",20.0,20.0,-0.15,1.0,15.0,0.0,3.0E-4,0.5,0.1,10.0,0.5,0.5,1744058560,0.1,2.0,0.1,0.15
80,130,1.0,0.5,0,15,1.0,0.1,0.005,271,288,0.5,0.1,"bajo",20.0,20.0,-0.15,1.0,15.0,0.0,3.0E-4,0.5,0.1,10.0,0.5,0.5,1744058560,0.1,2.0,0.1,0.15
81,130,1.0,0.5,0,15,1.0,0.1,0.005,271,288,0.5,0.1,"bajo",20.0,20.0,-0.15,1.0,15.0,0.0,3.0E-4,0.5,0.1,10.0,0.5,0.5,1744058560,0.1,2.0,0.1,0.15
82,130,1.0,0.5,0,15,1.0,0.1,0.005,271,288,0.5,0.1,"bajo",20.0,20.0,-0.15,1.0,15.0,0.0,3.0E-4,0.5,0.1,10.0,0.5,0.5,1744058560,0.1,2.0,0.1,0.15
83,130,1.0,0.5,0,15,1.0,0.1,0.005,271,288,0.5,0.1,"bajo",20.0,20.0,-0.15,1.0,15.0,0.0,3.0E-4,0.5,0.1,10.0,0.5,0.5,1744058560,0.1,2.0,0.1,0.15
84,130,1.0,0.5,0,15,1.0,0.1,0.005,271,288,0.5,0.1,"bajo",20.0,20.0,-0.15,1.0,15.0,0.0,3.0E-4,0.5,0.1,10.0,0.5,0.5,1744058560,0.1,2.0,0.1,0.15
85,130,1.0,0.5,0,15,1.0,0.1,0.005,271,288,0.5,0.1,"bajo",20.0,20.0,-0.15,1.0,15.0,0.0,3.0E-4,0.5,0.1,10.0,0.5,0.5,1744058560,0.1,2.0,0.1,0.15
86,130,1.0,0.5,0,15,1.0,0.1,0.005,271,288,0.5,0.1,"bajo",20.0,20.0,-0.15,1.0,15.0,0.0,3.0E-4,0.5,0.1,10.0,0.5,0.5,1744058560,0.1,2.0,0.1,0.15
87,130,1.0,0.5,0,15,1.0,0.1,0.005,271,288,0.5,0.1,"bajo",20.0,20.0,-0.15,1.0,15.0,0.0,3.0E-4,0.5,0.1,10.0,0.5,0.5,1744058560,0.1,2.0,0.1,0.15
88,130,1.0,0.5,0,15,1.0,0.1,0.005,271,288,0.5,0.1,"bajo",20.0,20.0,-0.15,1.0,15.0,0.0,3.0E-4,0.5,0.1,10.0,0.5,0.5,1744058560,0.1,2.0,0.1,0.15
89,130,1.0,0.5,0,15,1.0,0.1,0.005,271,288,0.5,0.1,"bajo",20.0,20.0,-0.15,1.0,15.0,0.0,3.0E-4,0.5,0.1,10.0,0.5,0.5,1744058560,0.1,2.0,0.1,0.15
90,130,1.0,0.5,0,15,1.0,0.1,0.005,271,288,0.5,0.1,"bajo",20.0,20.0,-0.15,1.0,15.0,0.0,3.0E-4,0.5,0.1,10.0,0.5,0.5,1744058560,0.1,2.0,0.1,0.15
91,130,1.0,0.5,0,15,1.0,0.1,0.005,271,288,0.5,0.1,"bajo",20.0,20.0,-0.15,1.0,15.0,0.0,3.0E-4,0.5,0.1,10.0,0.5,0.5,1744058560,0.1,2.0,0.1,0.15
92,130,1.0,0.5,0,15,1.0,0.1,0.005,271,288,0.5,0.1,"bajo",20.0,20.0,-0.15,1.0,15.0,0.0,3.0E-4,0.5,0.1,10.0,0.5,0.5,1744058560,0.1,2.0,0.1,0.15
93,130,1.0,0.5,0,15,1.0,0.1,0.005,271,288,0.5,0.1,"bajo",20.0,20.0,-0.15,1.0,15.0,0.0,3.0E-4,0.5,0.1,10.0,0.5,0.5,1744058560,0.1,2.0,0.1,0.15
94,130,1.0,0.5,0,15,1.0,0.1,0.005,271,288,0.5,0.1,"bajo",20.0,20.0,-0.15,1.0,15.0,0.0,3.0E-4,0.5,0.1,10.0,0.5,0.5,1744058560,0.1,2.0,0.1,0.15
95,130,1.0,0.5,0,15,1.0,0.1,0.005,271,288,0.5,0.1,"bajo",20.0,20.0,-0.15,1.0,15.0,0.0,3.0E-4,0.5,0.1,10.0,0.5,0.5,1744058560,0.1,2.0,0.1,0.15
96,130,1.0,0.5,0,15,1.0,0.1,0.005,271,288,0.5,0.1,"bajo",20.0,20.0,-0.15,1.0,15.0,0.0,3.0E-4,0.5,0.1,10.0,0.5,0.5,1744058560,0.1,2.0,0.1,0.15
97,130,1.0,0.5,0,15,1.0,0.1,0.005,271,288,0.5,0.1,"bajo",20.0,20.0,-0.15,1.0,15.0,0.0,3.0E-4,0.5,0.1,10.0,0.5,0.5,1744058560,0.1,2.0,0.1,0.15
98,130,1.0,0.5,0,15,1.0,0.1,0.005,271,288,0.5,0.1,"bajo",20.0,20.0,-0.15,1.0,15.0,0.0,3.0E-4,0.5,0.1,10.0,0.5,0.5,1744058560,0.1,2.0,0.1,0.15
99,130,1.0,0.5,0,15,1.0,0.1,0.005,271,288,0.5,0.1,"bajo",20.0,20.0,-0.15,1.0,15.0,0.0,3.0E-4,0.5,0.1,10.0,0.5,0.5,1744058560,0.1,2.0,0.1,0.15
100,130,1.0,0.5,0,15,1.0,0.1,0.005,271,288,0.5,0.1,"bajo",20.0,20.0,-0.15,1.0,15.0,0.0,3.0E-4,0.5,0.1,10.0,0.5,0.5,1744058560,0.1,2.0,0.1,0.15
101,130,1.0,0.5,0,15,1.0,0.1,0.005,271,288,0.5,0.1,"bajo",20.0,20.0,-0.15,1.0,15.0,0.0,3.0E-4,0.5,0.1,10.0,0.5,0.5,1744058560,0.1,2.0,0.1,0.15
102,130,1.0,0.5,0,15,1.0,0.1,0.005,271,288,0.5,0.1,"bajo",20.0,20.0,-0.15,1.0,15.0,0.0,3.0E-4,0.5,0.1,10.0,0.5,0.5,1744058560,0.1,2.0,0.1,0.15
103,130,1.0,0.5,0,15,1.0,0.1,0.005,271,288,0.5,0.1,"bajo",20.0,20.0,-0.15,1.0,15.0,0.0,3.0E-4,0.5,0.1,10.0,0.5,0.5,1744058560,0.1,2.0,0.1,0.15
104,130,1.0,0.5,0,15,1.0,0.1,0.005,271,288,0.5,0.1,"bajo",20.0,20.0,-0.15,1.0,15.0,0.0,3.0E-4,0.5,0.1,10.0,0.5,0.5,1744058560,0.1,2.0,0.1,0.15
105,130,1.0,0.5,0,15,1.0,0.1,0.005,271,288,0.5,0.1,"bajo",20.0,20.0,-0.15,1.0,15.0,0.0,3.0E-4,0.5,0.1,10.0,0.5,0.5,1744058560,0.1,2.0,0.1,0.15
106,130,1.0,0.5,0,15,1.0,0.1,0.005,271,288,0.5,0.1,"bajo",20.0,20.0,-0.15,1.0,15.0,0.0,3.0E-4,0.5,0.1,10.0,0.5,0.5,1744058560,0.1,2.0,0.1,0.15
107,130,1.0,0.5,0,15,1.0,0.1,0.005,271,288,0.5,0.1,"bajo",20.0,20.0,-0.15,1.0,15.0,0.0,3.0E-4,0.5,0.1,10.0,0.5,0.5,1744058560,0.1,2.0,0.1,0.15
108,130,1.0,0.5,0,15,1.0,0.1,0.005,271,288,0.5,0.1,"bajo",20.0,20.0,-0.15,1.0,15.0,0.0,3.0E-4,0.5,0.1,10.0,0.5,0.5,1744058560,0.1,2.0,0.1,0.15
109,130,1.0,0.5,0,15,1.0,0.1,0.005,271,288,0.5,0.1,"bajo",20.0,20.0,-0.15,1.0,15.0,0.0,3.0E-4,0.5,0.1,10.0,0.5,0.5,1744058560,0.1,2.0,0.1,0.15
110,130,1.0,0.5,0,15,1.0,0.1,0.005,271,288,0.5,0.1,"bajo",20.0,20.0,-0.15,1.0,15.0,0.0,3.0E-4,0.5,0.1,10.0,0.5,0.5,1744058560,0.1,2.0,0.1,0.15
111,130,1.0,0.5,0,15,1.0,0.1,0.005,271,288,0.5,0.1,"bajo",20.0,20.0,-0.15,1.0,15.0,0.0,3.0E-4,0.5,0.1,10.0,0.5,0.5,1744058560,0.1,2.0,0.1,0.15
112,130,1.0,0.5,0,15,1.0,0.1,0.005,271,288,0.5,0.1,"bajo",20.0,20.0,-0.15,1.0,15.0,0.0,3.0E-4,0.5,0.1,10.0,0.5,0.5,1744058560,0.1,2.0,0.1,0.15
113,130,1.0,0.5,0,15,1.0,0.1,0.005,271,288,0.5,0.1,"bajo",20.0,20.0,-0.15,1.0,15.0,0.0,3.0E-4,0.5,0.1,10.0,0.5,0.5,1744058560,0.1,2.0,0.1,0.15
114,130,1.0,0.5,0,15,1.0,0.1,0.005,271,288,0.5,0.1,"bajo",20.0,20.0,-0.15,1.0,15.0,0.0,3.0E-4,0.5,0.1,10.0,0.5,0.5,1744058560,0.1,2.0,0.1,0.15
115,130,1.0,0.5,0,15,1.0,0.1,0.005,271,288,0.5,0.1,"bajo",20.0,20.0,-0.15,1.0,15.0,0.0,3.0E-4,0.5,0.1,10.0,0.5,0.5,1744058560,0.1,2.0,0.1,0.15
116,130,1.0,0.5,0,15,1.0,0.1,0.005,271,288,0.5,0.1,"bajo",20.0,20.0,-0.15,1.0,15.0,0.0,3.0E-4,0.5,0.1,10.0,0.5,0.5,1744058560,0.1,2.0,0.1,0.15
117,130,1.0,0.5,0,15,1.0,0.1,0.005,271,288,0.5,0.1,"bajo",20.0,20.0,-0.15,1.0,15.0,0.0,3.0E-4,0.5,0.1,10.0,0.5,0.5,1744058560,0.1,2.0,0.1,0.15
118,130,1.0,0.5,0,15,1.0,0.1,0.005,271,288,0.5,0.1,"bajo",20.0,20.0,-0.15,1.0,15.0,0.0,3.0E-4,0.5,0.1,10.0,0.5,0.5,1744058560,0.1,2.0,0.1,0.15
119,130,1.0,0.5,0,15,1.0,0.1,0.005,271,288,0.5,0.1,"bajo",20.0,20.0,-0.15,1.0,15.0,0.0,3.0E-4,0.5,0.1,10.0,0.5,0.5,1744058560,0.1,2.0,0.1,0.15
120,130,1.0,0.5,0,15,1.0,0.1,0.005,271,288,0.5,0.1,"bajo",20.0,20.0,-0.15,1.0,15.0,0.0,3.0E-4,0.5,0.1,10.0,0.5,0.5,1744058560,0.1,2.0,0.1,0.15
121,130,1.0,0.5,0,15,1.0,0.1,0.005,271,288,0.5,0.1,"bajo",20.0,20.0,-0.15,1.0,15.0,0.0,3.0E-4,0.5,0.1,10.0,0.5,0.5,1744058560,0.1,2.0,0.1,0.15
122,130,1.0,0.5,0,15,1.0,0.1,0.005,271,288,0.5,0.1,"bajo",20.0,20.0,-0.15,1.0,15.0,0.0,3.0E-4,0.5,0.1,10.0,0.5,0.5,1744058560,0.1,2.0,0.1,0.15
123,130,1.0,0.5,0,15,1.0,0.1,0.005,271,288,0.5,0.1,"bajo",20.0,20.0,-0.15,1.0,15.0,0.0,3.0E-4,0.5,0.1,10.0,0.5,0.5,1744058560,0.1,2.0,0.1,0.15
124,130,1.0,0.5,0,15,1.0,0.1,0.005,271,288,0.5,0.1,"bajo",20.0,20.0,-0.15,1.0,15.0,0.0,3.0E-4,0.5,0.1,10.0,0.5,0.5,1744058560,0.1,2.0,0.1,0.15
125,130,1.0,0.5,0,15,1.0,0.1,0.005,271,288,0.5,0.1,"bajo",20.0,20.0,-0.15,1.0,15.0,0.0,3.0E-4,0.5,0.1,10.0,0.5,0.5,1744058560,0.1,2.0,0.1,0.15
126,130,1.0,0.5,0,15,1.0,0.1,0.005,271,288,0.5,0.1,"bajo",20.0,20.0,-0.15,1.0,15.0,0.0,3.0E-4,0.5,0.1,10.0,0.5,0.5,1744058560,0.1,2.0,0.1,0.15
127,130,1.0,0.5,0,15,1.0,0.1,0.005,271,288,0.5,0.1,"bajo",20.0,20.0,-0.15,1.0,15.0,0.0,3.0E-4,0.5,0.1,10.0,0.5,0.5,1744058560,0.1,2.0,0.1,0.15
128,130,1.0,0.5,0,15,1.0,0.1,0.005,271,288,0.5,0.1,"bajo",20.0,20.0,-0.15,1.0,15.0,0.0,3.0E-4,0.5,0.1,10.0,0.5,0.5,1744058560,0.1,2.0,0.1,0.15
129,130,1.0,0.5,0,15,1.0,0.1,0.005,271,288,0.5,0.1,"bajo",20.0,20.0,-0.15,1.0,15.0,0.0,3.0E-4,0.5,0.1,10.0,0.5,0.5,1744058560,0.1,2.0,0.1,0.15
130,130,1.0,0.5,0,15,1.0,0.1,0.005,271,288,0.5,0.1,"bajo",20.0,20.0,-0.15,1.0,15.0,0.0,3.0E-4,0.5,0.1,10.0,0.5,0.5,1744058560,0.1,2.0,0.1,0.15
131,130,1.0,0.5,0,15,1.0,0.1,0.005,271,288,0.5,0.1,"bajo",20.0,20.0,-0.15,1.0,15.0,0.0,3.0E-4,0.5,0.1,10.0,0.5,0.5,1744058560,0.1,2.0,0.1,0.15
132,130,1.0,0.5,0,15,1.0,0.1,0.005,271,288,0.5,0.1,"bajo",20.0,20.0,-0.15,1.0,15.0,0.0,3.0E-4,0.5,0.1,10.0,0.5,0.5,1744058560,0.1,2.0,0.1,0.15
133,130,1.0,0.5,0,15,1.0,0.1,0.005,271,288,0.5,0.1,"bajo",20.0,20.0,-0.15,1.0,15.0,0.0,3.0E-4,0.5,0.1,10.0,0.5,0.5,1744058560,0.1,2.0,0.1,0.15
134,130,1.0,0.5,0,15,1.0,0.1,0.005,271,288,0.5,0.1,"bajo",20.0,20.0,-0.15,1.0,15.0,0.0,3.0E-4,0.5,0.1,10.0,0.5,0.5,1744058560,0.1,2.0,0.1,0.15
135,130,1.0,0.5,0,15,1.0,0.1,0.005,271,288,0.5,0.1,"bajo",20.0,20.0,-0.15,1.0,15.0,0.0,3.0E-4,0.5,0.1,10.0,0.5,0.5,1744058560,0.1,2.0,0.1,0.15
136,130,1.0,0.5,0,15,1.0,0.1,0.005,271,288,0.5,0.1,"bajo",20.0,20.0,-0.15,1.0,15.0,0.0,3.0E-4,0.5,0.1,10.0,0.5,0.5,1744058560,0.1,2.0,0.1,0.15
137,130,1.0,0.5,0,15,1.0,0.1,0.005,271,288,0.5,0.1,"bajo",20.0,20.0,-0.15,1.0,15.0,0.0,3.0E-4,0.5,0.1,10.0,0.5,0.5,1744058560,0.1,2.0,0.1,0.15
138,130,1.0,0.5,0,15,1.0,0.1,0.005,271,288,0.5,0.1,"bajo",20.0,20.0,-0.15,1.0,15.0,0.0,3.0E-4,0.5,0.1,10.0,0.5,0.5,1744058560,0.1,2.0,0.1,0.15
139,130,1.0,0.5,0,15,1.0,0.1,0.005,271,288,0.5,0.1,"bajo",20.0,20.0,-0.15,1.0,15.0,0.0,3.0E-4,0.5,0.1,10.0,0.5,0.5,1744058560,0.1,2.0,0.1,0.15
140,130,1.0,0.5,0,15,1.0,0.1,0.005,271,288,0.5,0.1,"bajo",20.0,20.0,-0.15,1.0,15.0,0.0,3.0E-4,0.5,0.1,10.0,0.5,0.5,1744058560,0.1,2.0,0.1,0.15
141,130,1.0,0.5,0,15,1.0,0.1,0.005,271,288,0.5,0.1,"bajo",20.0,20.0,-0.15,1.0,15.0,0.0,3.0E-4,0.5,0.1,10.0,0.5,0.5,1744058560,0.1,2.0,0.1,0.15
142,130,1.0,0.5,0,15,1.0,0.1,0.005,271,288,0.5,0.1,"bajo",20.0,20.0,-0.15,1.0,15.0,0.0,3.0E-4,0.5,0.1,10.0,0.5,0.5,1744058560,0.1,2.0,0.1,0.15
143,130,1.0,0.5,0,15,1.0,0.1,0.005,271,288,0.5,0.1,"bajo",20.0,20.0,-0.15,1.0,15.0,0.0,3.0E-4,0.5,0.1,10.0,0.5,0.5,1744058560,0.1,2.0,0.1,0.15
144,130,1.0,0.5,0,15,1.0,0.1,0.005,271,288,0.5,0.1,"bajo",20.0,20.0,-0.15,1.0,15.0,0.0,3.0E-4,0.5,0.1,10.0,0.5,0.5,1744058560,0.1,2.0,0.1,0.15
145,130,1.0,0.5,0,15,1.0,0.1,0.005,271,288,0.5,0.1,"bajo",20.0,20.0,-0.15,1.0,15.0,0.0,3.0E-4,0.5,0.1,10.0,0.5,0.5,1744058560,0.1,2.0,0.1,0.15
146,130,1.0,0.5,0,15,1.0,0.1,0.005,271,288,0.5,0.1,"bajo",20.0,20.0,-0.15,1.0,15.0,0.0,3.0E-4,0.5,0.1,10.0,0.5,0.5,1744058560,0.1,2.0,0.1,0.15
147,130,1.0,0.5,0,15,1.0,0.1,0.005,271,288,0.5,0.1,"bajo",20.0,20.0,-0.15,1.0,15.0,0.0,3.0E-4,0.5,0.1,10.0,0.5,0.5,1744058560,0.1,2.0,0.1,0.0
148,130,1.0,0.5,0,15,1.0,0.1,0.005,271,288,0.5,0.1,"bajo",20.0,20.0,-0.15,1.0,15.0,0.0,3.0E-4,0.5,0.1,10.0,0.5,0.5,1744058560,0.1,2.0,0.1,0.06
149,130,1.0,0.5,0,15,1.0,0.1,0.005,271,288,0.5,0.1,"bajo",20.0,20.0,-0.15,1.0,15.0,0.0,3.0E-4,0.5,0.1,10.0,0.5,0.5,1744058560,0.1,2.0,0.1,0.12
150,130,1.0,0.5,0,15,1.0,0.1,0.005,271,288,0.5,0.1,"bajo",20.0,20.0,-0.15,1.0,15.0,0.0,3.0E-4,0.5,0.1,10.0,0.5,0.5,1744058560,0.1,2.0,0.1,0.18
151,130,1.0,0.5,0,15,1.0,0.1,0.005,271,288,0.5,0.1,"bajo",20.0,20.0,-0.15,1.0,15.0,0.0,3.0E-4,0.5,0.1,10.0,0.5,0.5,1744058560,0.1,2.0,0.1,0.24
152,130,1.0,0.5,0,15,1.0,0.1,0.005,271,288,0.5,0.1,"bajo",20.0,20.0,-0.15,1.0,15.0,0.0,3.0E-4,0.5,0.1,10.0,0.5,0.5,1744058560,0.1,2.0,0.1,0.3
153,130,1.0,0.5,0,15,1.0,0.1,0.005,271,288,0.5,0.1,"bajo",20.0,20.0,-0.15,1.0,15.0,0.0,3.0E-4,0.5,0.1,10.0,0.5,0.5,1744058560,0.1,2.0,0.1,0.0
154,130,1.0,0.5,0,15,1.0,0.1,0.005,271,288,0.5,0.1,"bajo",20.0,20.0,-0.15,1.0,15.0,0.0,3.0E-4,0.5,0.1,10.0,0.5,0.5,1744058560,0.1,2.0,0.1,0.06
155,130,1.0,0.5,0,15,1.0,0.1,0.005,271,288,0.5,0.1,"bajo",20.0,20.0,-0.15,1.0,15.0,0.0,3.0E-4,0.5,0.1,10.0,0.5,0.5,1744058560,0.1,2.0,0.1,0.12
156,130,1.0,0.5,0,15,1.0,0.1,0.005,271,288,0.5,0.1,"bajo",20.0,20.0,-0.15,1.0,15.0,0.0,3.0E-4,0.5,0.1,10.0,0.5,0.5,1744058560,0.1,2.0,0.1,0.18
157,130,1.0,0.5,0,15,1.0,0.1,0.005,271,288,0.5,0.1,"bajo",20.0,20.0,-0.15,1.0,15.0,0.0,3.0E-4,0.5,0.1,10.0,0.5,0.5,1744058560,0.1,2.0,0.1,0.24
158,130,1.0,0.5,0,15,1.0,0.1,0.005,271,288,0.5,0.1,"bajo",20.0,20.0,-0.15,1.0,15.0,0.0,3.0E-4,0.5,0.1,10.0,0.5,0.5,1744058560,0.1,2.0,0.1,0.3
159,130,1.0,0.5,0,15,1.0,0.1,0.005,271,288,0.5,0.1,"bajo",20.0,20.0,-0.15,1.0,15.0,0.0,3.0E-4,0.0,0.1,10.0,0.5,0.5,1744058560,0.1,2.0,0.1,0.0
160,130,1.0,0.5,0,15,1.0,0.1,0.005,271,288,0.5,0.1,"bajo",20.0,20.0,-0.15,1.0,15.0,0.0,3.0E-4,0.2,0.1,10.0,0.5,0.5,1744058560,0.1,2.0,0.1,0.06
161,130,1.0,0.5,0,15,1.0,0.1,0.005,271,288,0.5,0.1,"bajo",20.0,20.0,-0.15,1.0,15.0,0.0,3.0E-4,0.4,0.1,10.0,0.5,0.5,1744058560,0.1,2.0,0.1,0.12
162,130,1.0,0.5,0,15,1.0,0.1,0.005,271,288,0.5,0.1,"bajo",20.0,20.0,-0.15,1.0,15.0,0.0,3.0E-4,0.6000000000000001,0.1,10.0,0.5,0.5,1744058560,0.1,2.0,0.1,0.18
163,130,1.0,0.5,0,15,1.0,0.1,0.005,271,288,0.5,0.1,"bajo",20.0,20.0,-0.15,1.0,15.0,0.0,3.0E-4,0.8,0.1,10.0,0.5,0.5,1744058560,0.1,2.0,0.1,0.24
164,130,1.0,0.5,0,15,1.0,0.1,0.005,271,288,0.5,0.1,"bajo",20.0,20.0,-0.15,1.0,15.0,0.0,3.0E-4,1.0,0.1,10.0,0.5,0.5,1744058560,0.1,2.0,0.1,0.3
165,130,1.0,0.5,0,15,1.0,0.1,0.005,271,288,0.5,0.1,"bajo",20.0,20.0,-0.15,1.0,15.0,0.0,3.0E-4,0.5,0.1,10.0,0.5,0.5,1744058560,0.1,2.0,0.1,0.0
166,130,1.0,0.5,0,15,1.0,0.1,0.005,271,288,0.5,0.1,"bajo",20.0,20.0,-0.15,1.0,15.0,0.0,3.0E-4,0.5,0.1,10.0,0.5,0.5,1744058560,0.1,2.0,0.1,0.06
167,130,1.0,0.5,0,15,1.0,0.1,0.005,271,288,0.5,0.1,"bajo",20.0,20.0,-0.15,1.0,15.0,0.0,3.0E-4,0.5,0.1,10.0,0.5,0.5,1744058560,0.1,2.0,0.1,0.12
168,130,1.0,0.5,0,15,1.0,0.1,0.005,271,288,0.5,0.1,"bajo",20.0,20.0,-0.15,1.0,15.0,0.0,3.0E-4,0.5,0.1,10.0,0.5,0.5,1744058560,0.1,2.0,0.1,0.18
169,130,1.0,0.5,0,15,1.0,0.1,0.005,271,288,0.5,0.1,"bajo",20.0,20.0,-0.15,1.0,15.0,0.0,3.0E-4,0.5,0.1,10.0,0.5,0.5,1744058560,0.1,2.0,0.1,0.24
170,130,1.0,0.5,0,15,1.0,0.1,0.005,271,288,0.5,0.1,"bajo",20.0,20.0,-0.15,1.0,15.0,0.0,3.0E-4,0.5,0.1,10.0,0.5,0.5,1744058560,0.1,2.0,0.1,0.3
171,130,1.0,0.5,0,15,1.0,0.1,0.005,271,288,0.5,0.1,"bajo",20.0,20.0,-0.15,1.0,15.0,0.0,3.0E-4,0.5,0.1,10.0,0.5,0.5,1744058560,0.1,2.0,0.1,0.0
172,130,1.0,0.5,0,15,1.0,0.1,0.005,271,288,0.5,0.1,"bajo",20.0,20.0,-0.15,1.0,15.0,0.0,3.0E-4,0.5,0.1,10.0,0.5,0.5,1744058560,0.1,2.0,0.1,0.06
173,130,1.0,0.5,0,15,1.0,0.1,0.005,271,288,0.5,0.1,"bajo",20.0,20.0,-0.15,1.0,15.0,0.0,3.0E-4,0.5,0.1,10.0,0.5,0.5,1744058560,0.1,2.0,0.1,0.12
174,130,1.0,0.5,0,15,1.0,0.1,0.005,271,288,0.5,0.1,"bajo",20.0,20.0,-0.15,1.0,15.0,0.0,3.0E-4,0.5,0.1,10.0,0.5,0.5,1744058560,0.1,2.0,0.1,0.18
175,130,1.0,0.5,0,15,1.0,0.1,0.005,271,288,0.5,0.1,"bajo",20.0,20.0,-0.15,1.0,15.0,0.0,3.0E-4,0.5,0.1,10.0,0.5,0.5,1744058560,0.1,2.0,0.1,0.24
176,130,1.0,0.5,0,15,1.0,0.1,0.005,271,288,0.5,0.1,"bajo",20.0,20.0,-0.15,1.0,15.0,0.0,3.0E-4,0.5,0.1,10.0,0.5,0.5,1744058560,0.1,2.0,0.1,0.3
177,130,1.0,0.5,0,15,1.0,0.1,0.005,271,288,0.5,0.1,"bajo",20.0,20.0,-0.15,1.0,15.0,0.0,3.0E-4,0.5,0.1,10.0,0.5,0.5,1744058560,0.1,2.0,0.1,0.0
178,130,1.0,0.5,0,15,1.0,0.1,0.005,271,288,0.5,0.1,"bajo",20.0,20.0,-0.15,1.0,15.0,0.0,3.0E-4,0.5,0.1,10.0,0.5,0.5,1744058560,0.1,2.0,0.1,0.06
179,130,1.0,0.5,0,15,1.0,0.1,0.005,271,288,0.5,0.1,"bajo",20.0,20.0,-0.15,1.0,15.0,0.0,3.0E-4,0.5,0.1,10.0,0.5,0.5,1744058560,0.1,2.0,0.1,0.12
180,130,1.0,0.5,0,15,1.0,0.1,0.005,271,288,0.5,0.1,"bajo",20.0,20.0,-0.15,1.0,15.0,0.0,3.0E-4,0.5,0.1,10.0,0.5,0.5,1744058560,0.1,2.0,0.1,0.18
181,130,1.0,0.5,0,15,1.0,0.1,0.005,271,288,0.5,0.1,"bajo",20.0,20.0,-0.15,1.0,15.0,0.0,3.0E-4,0.5,0.1,10.0,0.5,0.5,1744058560,0.1,2.0,0.1,0.24
182,130,1.0,0.5,0,15,1.0,0.1,0.005,271,288,0.5,0.1,"bajo",20.0,20.0,-0.15,1.0,15.0,0.0,3.0E-4,0.5,0.1,10.0,0.5,0.5,1744058560,0.1,2.0,0.1,0.3
183,130,1.0,0.5,0,15,1.0,0.1,0.005,271,288,0.5,0.1,"bajo",20.0,20.0,-0.15,1.0,15.0,0.0,3.0E-4,0.0,0.1,10.0,0.5,0.5,1744058560,0.1,2.0,0.1,0.3
184,130,1.0,0.5,0,15,1.0,0.1,0.005,271,288,0.5,0.1,"bajo",20.0,20.0,-0.15,1.0,15.0,0.0,3.0E-4,0.2,0.1,10.0,0.5,0.5,1744058560,0.1,2.0,0.1,0.3
185,130,1.0,0.5,0,15,1.0,0.1,0.005,271,288,0.5,0.1,"bajo",20.0,20.0,-0.15,1.0,15.0,0.0,3.0E-4,0.4,0.1,10.0,0.5,0.5,1744058560,0.1,2.0,0.1,0.3
186,130,1.0,0.5,0,15,1.0,0.1,0.005,271,288,0.5,0.1,"bajo",20.0,20.0,-0.15,1.0,15.0,0.0,3.0E-4,0.6000000000000001,0.1,10.0,0.5,0.5,1744058560,0.1,2.0,0.1,0.3
187,130,1.0,0.5,0,15,1.0,0.1,0.005,271,288,0.5,0.1,"bajo",20.0,20.0,-0.15,1.0,15.0,0.0,3.0E-4,0.8,0.1,10.0,0.5,0.5,1744058560,0.1,2.0,0.1,0.3
188,130,1.0,0.5,0,15,1.0,0.1,0.005,271,288,0.5,0.1,"bajo",20.0,20.0,-0.15,1.0,15.0,0.0,3.0E-4,1.0,0.1,10.0,0.5,0.5,1744058560,0.1,2.0,0.1,0.3
189,130,1.0,0.5,0,15,1.0,0.1,0.005,271,288,0.5,0.1,"bajo",20.0,20.0,-0.15,1.0,15.0,0.0,3.0E-4,0.0,0.1,10.0,0.5,0.5,1744058560,0.1,2.0,0.1,0.0
190,130,1.0,0.5,0,15,1.0,0.1,0.005,271,288,0.5,0.1,"bajo",20.0,20.0,-0.15,1.0,15.0,0.0,3.0E-4,0.2,0.1,10.0,0.5,0.5,1744058560,0.1,2.0,0.1,0.06
191,130,1.0,0.5,0,15,1.0,0.1,0.005,271,288,0.5,0.1,"bajo",20.0,20.0,-0.15,1.0,15.0,0.0,3.0E-4,0.4,0.1,10.0,0.5,0.5,1744058560,0.1,2.0,0.1,0.12
192,130,1.0,0.5,0,15,1.0,0.1,0.005,271,288,0.5,0.1,"bajo",20.0,20.0,-0.15,1.0,15.0,0.0,3.0E-4,0.6000000000000001,0.1,10.0,0.5,0.5,1744058560,0.1,2.0,0.1,0.18
193,130,1.0,0.5,0,15,1.0,0.1,0.005,271,288,0.5,0.1,"bajo",20.0,20.0,-0.15,1.0,15.0,0.0,3.0E-4,0.8,0.1,10.0,0.5,0.5,1744058560,0.1,2.0,0.1,0.24
194,130,1.0,0.5,0,15,1.0,0.1,0.005,271,288,0.5,0.1,"bajo",20.0,20.0,-0.15,1.0,15.0,0.0,3.0E-4,1.0,0.1,10.0,0.5,0.5,1744058560,0.1,2.0,0.1,0.3
195,130,1.0,0.5,0,15,1.0,0.1,0.005,271,288,0.5,0.1,"bajo",20.0,20.0,-0.15,1.0,15.0,0.0,3.0E-4,0.0,0.1,10.0,0.5,0.5,1744058560,0.1,2.0,0.1,0.3
196,130,1.0,0.5,0,15,1.0,0.1,0.005,271,288,0.5,0.1,"bajo",20.0,20.0,-0.15,1.0,15.0,0.0,3.0E-4,0.2,0.1,10.0,0.5,0.5,1744058560,0.1,2.0,0.1,0.3
197,130,1.0,0.5,0,15,1.0,0.1,0.005,271,288,0.5,0.1,"bajo",20.0,20.0,-0.15,1.0,15.0,0.0,3.0E-4,0.4,0.1,10.0,0.5,0.5,1744058560,0.1,2.0,0.1,0.3
198,130,1.0,0.5,0,15,1.0,0.1,0.005,271,288,0.5,0.1,"bajo",20.0,20.0,-0.15,1.0,15.0,0.0,3.0E-4,0.6000000000000001,0.1,10.0,0.5,0.5,1744058560,0.1,2.0,0.1,0.3
199,130,1.0,0.5,0,15,1.0,0.1,0.005,271,288,0.5,0.1,"bajo",20.0,20.0,-0.15,1.0,15.0,0.0,3.0E-4,0.8,0.1,10.0,0.5,0.5,1744058560,0.1,2.0,0.1,0.3
200,130,1.0,0.5,0,15,1.0,0.1,0.005,271,288,0.5,0.1,"bajo",20.0,20.0,-0.15,1.0,15.0,0.0,3.0E-4,1.0,0.1,10.0,0.5,0.5,1744058560,0.1,2.0,0.1,0.3
201,130,1.0,0.5,0,15,1.0,0.1,0.005,271,288,0.5,0.1,"bajo",20.0,20.0,-0.15,1.0,15.0,0.0,3.0E-4,0.0,0.1,10.0,0.5,0.5,1744058560,0.1,2.0,0.1,0.3
202,130,1.0,0.5,0,15,1.0,0.1,0.005,271,288,0.5,0.1,"bajo",20.0,20.0,-0.15,1.0,15.0,0.0,3.0E-4,0.2,0.1,10.0,0.5,0.5,1744058560,0.1,2.0,0.1,0.3
203,130,1.0,0.5,0,15,1.0,0.1,0.005,271,288,0.5,0.1,"bajo",20.0,20.0,-0.15,1.0,15.0,0.0,3.0E-4,0.4,0.1,10.0,0.5,0.5,1744058560,0.1,2.0,0.1,0.3
204,130,1.0,0.5,0,15,1.0,0.1,0.005,271,288,0.5,0.1,"bajo",20.0,20.0,-0.15,1.0,15.0,0.0,3.0E-4,0.6000000000000001,0.1,10.0,0.5,0.5,1744058560,0.1,2.0,0.1,0.3
205,130,1.0,0.5,0,15,1.0,0.1,0.005,271,288,0.5,0.1,"bajo",20.0,20.0,-0.15,1.0,15.0,0.0,3.0E-4,0.8,0.1,10.0,0.5,0.5,1744058560,0.1,2.0,0.1,0.3
206,130,1.0,0.5,0,15,1.0,0.1,0.005,271,288,0.5,0.1,"bajo",20.0,20.0,-0.15,1.0,15.0,0.0,3.0E-4,1.0,0.1,10.0,0.5,0.5,1744058560,0.1,2.0,0.1,0.3
207,130,1.0,0.5,0,15,1.0,0.1,0.005,271,288,0.5,0.1,"bajo",20.0,20.0,-0.15,1.0,15.0,0.0,3.0E-4,0.0,0.1,10.0,0.5,0.5,1744058560,0.1,2.0,0.1,0.3
208,130,1.0,0.5,0,15,1.0,0.1,0.005,271,288,0.5,0.1,"bajo",20.0,20.0,-0.15,1.0,15.0,0.0,3.0E-4,0.2,0.1,10.0,0.5,0.5,1744058560,0.1,2.0,0.1,0.3
209,130,1.0,0.5,0,15,1.0,0.1,0.005,271,288,0.5,0.1,"bajo",20.0,20.0,-0.15,1.0,15.0,0.0,3.0E-4,0.4,0.1,10.0,0.5,0.5,1744058560,0.1,2.0,0.1,0.3
210,130,1.0,0.5,0,15,1.0,0.1,0.005,271,288,0.5,0.1,"bajo",20.0,20.0,-0.15,1.0,15.0,0.0,3.0E-4,0.6000000000000001,0.1,10.0,0.5,0.5,1744058560,0.1,2.0,0.1,0.3
211,130,1.0,0.5,0,15,1.0,0.1,0.005,271,288,0.5,0.1,"bajo",20.0,20.0,-0.15,1.0,15.0,0.0,3.0E-4,0.8,0.1,10.0,0.5,0.5,1744058560,0.1,2.0,0.1,0.3
212,130,1.0,0.5,0,15,1.0,0.1,0.005,271,288,0.5,0.1,"bajo",20.0,20.0,-0.15,1.0,15.0,0.0,3.0E-4,1.0,0.1,10.0,0.5,0.5,1744058560,0.1,2.0,0.1,0.3
213,130,1.0,0.5,0,15,1.0,0.1,0.005,271,288,0.5,0.1,"bajo",20.0,20.0,-0.15,1.0,15.0,0.0,3.0E-4,1.0,0.1,10.0,0.5,0.5,-2147483648,0.1,2.0,0.1,0.0
214,130,1.0,0.5,0,15,1.0,0.1,0.005,271,288,0.5,0.1,"bajo",20.0,20.0,-0.15,1.0,15.0,0.0,3.0E-4,1.0,0.1,10.0,0.5,0.5,-2147483648,0.1,2.0,0.1,0.075
215,130,1.0,0.5,0,15,1.0,0.1,0.005,271,288,0.5,0.1,"bajo",20.0,20.0,-0.15,1.0,15.0,0.0,3.0E-4,1.0,0.1,10.0,0.5,0.5,-2147483648,0.1,2.0,0.1,0.15
216,130,1.0,0.5,0,15,1.0,0.1,0.005,271,288,0.5,0.1,"bajo",20.0,20.0,-0.15,1.0,15.0,0.0,3.0E-4,1.0,0.1,10.0,0.5,0.5,-2147483648,0.1,2.0,0.1,0.22499999999999998
217,130,1.0,0.5,0,15,1.0,0.1,0.005,271,288,0.5,0.1,"bajo",20.0,20.0,-0.15,1.0,15.0,0.0,3.0E-4,1.0,0.1,10.0,0.5,0.5,993069889,0.1,2.0,0.1,0.3
218,130,1.0,0.5,0,15,1.0,0.1,0.005,271,288,0.5,0.1,"bajo",20.0,20.0,-0.15,1.0,15.0,0.0,3.0E-4,0.0,0.1,10.0,0.5,0.5,-2147483648,0.1,2.0,0.1,0.3
219,130,1.0,0.5,0,15,1.0,0.1,0.005,271,288,0.5,0.1,"bajo",20.0,20.0,-0.15,1.0,15.0,0.0,3.0E-4,0.25,0.1,10.0,0.5,0.5,-2147483648,0.1,2.0,0.1,0.3
220,130,1.0,0.5,0,15,1.0,0.1,0.005,271,288,0.5,0.1,"bajo",20.0,20.0,-0.15,1.0,15.0,0.0,3.0E-4,0.5,0.1,10.0,0.5,0.5,-2147483648,0.1,2.0,0.1,0.3
221,130,1.0,0.5,0,15,1.0,0.1,0.005,271,288,0.5,0.1,"bajo",20.0,20.0,-0.15,1.0,15.0,0.0,3.0E-4,0.75,0.1,10.0,0.5,0.5,1877220538,0.1,2.0,0.1,0.3
222,130,1.0,0.5,0,15,1.0,0.1,0.005,271,288,0.5,0.1,"bajo",20.0,20.0,-0.15,1.0,15.0,0.0,3.0E-4,1.0,0.1,10.0,0.5,0.5,-2147483648,0.1,2.0,0.1,0.3
