"run","MaxPop","MinPop","countPop"
7,1656,1619,1631
14,1772,1761,1753
21,1820,1777,1770
28,1908,4,1900
35,2061,5,2071
42,2228,2227,2229
49,1216,1206,1180
56,1746,1730,1731
63,1866,1828,1844
70,2067,4,2045
77,2240,2240,2225
84,2383,6,2329
91,1198,1164,1181
98,1791,1779,1776
105,1895,1895,1902
112,2114,2112,2101
119,2392,4,2378
126,2525,4,2152
133,1196,1132,1153
140,1716,1690,1707
147,1872,7,1806
154,1952,5,1929
161,2167,6,2134
168,2322,2303,2299
175,1193,1136,1170
182,1755,1700,1691
189,1869,1858,1872
196,2074,1,2062
203,2214,2204,2204
210,2385,4,2365
217,1638,1622,1627
224,1758,1722,1719
231,1950,1943,1949
238,1853,1833,1839
245,1925,6,1897
252,2121,5,2093
259,1152,1106,1131
266,1752,1703,1711
273,1857,1826,1856
280,1986,1962,1975
287,2177,5,2174
294,2285,7,2265
301,1162,1162,1162
308,1749,1715,1717
315,1885,1885,1871
322,2055,2035,2043
329,2389,3,2385
336,2485,6,2459
343,1177,1155,1134
350,1709,1670,1689
357,1787,1751,1757
364,1898,1846,1875
371,1988,1961,1967
378,2204,5,2057
385,1102,1021,1020
392,1752,1727,1744
399,1847,1810,1821
406,1967,1931,1928
413,2171,6,2131
420,2264,2257,2256
427,1086,1021,1024
434,1775,1775,1757
441,1923,7,1863
448,2203,4,2195
455,1865,1793,1804
462,1858,1805,1833
469,1032,963,967
476,1725,1691,1700
483,1817,1781,1807
490,1886,1850,1855
497,2000,1956,1947
504,2183,2181,2187
511,1056,899,904
518,1735,1729,1747
525,1799,1799,1797
532,1964,1905,1926
539,2136,2093,2087
546,2501,3,2495
553,1641,5,1617
560,1635,1603,1599
567,1575,4,1459
574,1668,6,1645
581,1660,6,1249
588,1671,3,1143
595,840,4,567
602,1652,2,1623
609,1685,4,1653
616,1743,3,1537
623,1806,1,1352
630,1969,4,1730
637,850,2,565
644,1675,4,1614
651,1921,1892,1910
658,2118,616,2118
665,2494,2494,2488
672,2045,2045,2047
679,1227,1142,1191
686,1770,1677,1708
693,1876,1830,1849
700,2057,1983,2029
707,2166,2128,2134
714,2357,623,2342
721,1179,1179,1164
728,1784,1732,1744
735,1910,1889,1910
742,2051,621,2037
749,2261,2226,2232
756,2513,2500,2504
763,1669,1669,1679
770,1756,1725,1746
777,1822,1799,1812
784,1907,1878,1867
791,2059,619,2011
798,2194,2154,2183
805,1196,1125,1148
812,1776,1735,1754
819,1863,1854,1847
826,2063,2018,2041
833,2171,634,2144
840,2373,2343,2339
847,1195,1118,1134
854,1786,1707,1732
861,1952,1906,1915
868,2157,2107,2119
875,2411,2382,2384
882,2530,2494,2502
889,1207,1147,1167
896,1757,1690,1718
903,1852,1793,1797
910,1966,1902,1923
917,2197,2117,2140
924,2250,2214,2220
931,1144,1062,1126
938,1752,1715,1738
945,1893,1817,1843
952,2076,2037,2038
959,2209,2123,2151
966,2356,2308,2335
973,1658,1626,1624
980,1789,1747,1742
987,1947,1903,1929
994,1857,1857,1846
1001,1932,1872,1880
1008,2098,623,2053
1015,1130,1046,1108
1022,1780,1712,1726
1029,1858,1790,1802
1036,1947,1874,1870
1043,2180,2118,2139
1050,2215,2172,2173
1057,1107,1001,1059
1064,1766,1701,1722
1071,1861,1785,1808
1078,2034,1985,1989
1085,2422,630,2406
1092,2508,2500,2499
1099,1110,1037,1102
1106,1705,1640,1688
1113,1782,1760,1766
1120,1842,1805,1822
1127,1893,1831,1863
1134,2106,2045,2085
1141,1014,451,956
1148,1726,1676,1692
1155,1813,1726,1764
1162,1868,1817,1837
1169,2062,616,2032
1176,2087,630,1975
1183,983,412,869
1190,1798,1758,1760
1197,1954,1900,1927
1204,2199,628,2175
1211,1578,509,1275
1218,1537,506,1284
1225,860,310,643
1232,1661,1610,1639
1239,1718,1634,1651
1246,1707,493,1381
1253,1739,433,1246
1260,1902,620,1741
1267,846,273,539
1274,1705,1694,1695
1281,1721,581,1633
1288,1788,556,1621
1295,1956,621,1701
1302,2509,2495,2498
1309,1664,1656,1635
1316,1737,1647,1664
1323,1846,1770,1797
1330,1959,1838,1932
1337,2122,2099,2106
1344,2285,2265,2269
1351,1220,1171,1176
1358,1787,1787,1779
1365,1909,1869,1889
1372,2030,1986,1974
1379,2233,2185,2198
1386,2478,2446,2462
1393,1210,1156,1187
1400,1752,1710,1717
1407,1955,1873,1907
1414,2160,2094,2096
1421,2487,2457,2467
1428,2031,1967,1992
1435,1253,1160,1174
1442,1787,1787,1788
1449,1841,1841,1819
1456,2047,1984,2025
1463,2159,2096,2138
1470,2305,2248,2276
1477,1208,1101,1177
1484,1769,1737,1731
1491,1917,1850,1852
1498,2033,1977,1985
1505,2237,2187,2205
1512,2486,2486,2480
1519,1668,1592,1599
1526,1782,1740,1738
1533,1812,1747,1766
1540,1891,1891,1886
1547,2089,1997,2025
1554,2145,2098,2141
1561,1167,1109,1140
1568,1745,1690,1715
1575,1876,1846,1845
1582,2060,1983,2012
1589,2146,2089,2128
1596,2348,1033,2340
1603,1146,1092,1092
1610,1756,1745,1730
1617,1909,1859,1866
1624,2151,2098,2117
1631,2440,2406,2422
1638,2531,2492,2496
1645,1170,1099,1157
1652,1735,1732,1736
1659,1836,1792,1817
1666,1914,1883,1899
1673,2126,2065,2087
1680,2192,2129,2169
1687,1096,1041,1044
1694,1748,1665,1730
1701,1870,1825,1835
1708,2052,2019,2009
1715,2114,2040,2019
1722,2264,2195,2222
1729,1687,1558,1604
1736,1797,1726,1725
1743,1986,1901,1919
1750,1858,1757,1783
1757,1849,1799,1810
1764,2004,1957,1967
1771,1030,584,976
1778,1720,1645,1669
1785,1791,1791,1789
1792,1880,1818,1820
1799,2044,1975,1993
1806,2018,1945,1956
1813,981,536,857
1820,1760,1628,1715
1827,1817,1772,1789
1834,1949,1926,1945
1841,2404,1029,2380
1848,2516,2481,2491
1855,902,446,778
1862,1626,874,1555
1869,1683,1670,1664
1876,1635,691,1299
1883,1673,646,1148
1890,1808,957,1671
1897,833,340,596
1904,1696,1652,1650
1911,1720,856,1604
1918,1745,839,1555
1925,1873,983,1691
1932,1922,569,1060
1939,823,347,561
1946,1781,1781,1783
1953,1920,1874,1906
1960,2207,2165,2195
1967,1974,1934,1949
1974,2081,2014,2047
1981,1233,1156,1187
1988,1763,1699,1704
1995,1891,1835,1873
2002,2015,2005,2003
2009,2213,2189,2190
2016,2445,2413,2415
2023,1209,1125,1151
2030,1772,1685,1708
2037,1931,1836,1866
2044,2052,2012,2034
2051,2346,2303,2306
2058,2520,2492,2510
2065,1673,1614,1637
2072,1755,1687,1732
2079,1800,1723,1741
2086,1945,1412,1916
2093,2099,2062,2073
2100,2232,2182,2188
2107,1187,1138,1177
2114,1753,1753,1739
2121,1884,1842,1849
2128,2044,2010,2013
2135,2221,2138,2157
2142,2428,2399,2421
2149,1233,1171,1201
2156,1785,1706,1728
2163,1938,1880,1923
2170,2156,2072,2111
2177,2487,2465,2482
2184,1992,1924,1975
2191,1215,1215,1219
2198,1754,1751,1754
2205,1856,1762,1786
2212,2005,1948,1995
2219,2132,2060,2085
2226,2276,2215,2229
2233,1157,1127,1132
2240,1769,1715,1754
2247,1887,1887,1902
2254,2029,1983,2005
2261,2176,2138,2165
2268,2434,2407,2409
2275,1654,1587,1593
2282,1768,1703,1739
2289,1775,1775,1776
2296,1839,1783,1801
2303,2027,1965,1966
2310,2117,2089,2099
2317,1130,1079,1123
2324,1754,1678,1733
2331,1858,1790,1818
2338,1992,1958,1975
2345,2052,1990,1990
2352,2238,2173,2210
2359,1090,994,1028
2366,1752,1675,1704
2373,1877,1835,1833
2380,2141,2103,2120
2387,2439,2406,2415
2394,2530,2493,2521
2401,1109,1053,1093
2408,1714,1701,1696
2415,1817,1748,1759
2422,1848,1805,1815
2429,2011,1948,1975
2436,2014,1392,1942
2443,983,627,938
2450,1718,1219,1691
2457,1806,1312,1798
2464,1935,1395,1920
2471,2007,1389,1938
2478,2136,1429,2021
2485,1683,1641,1638
2492,1776,1732,1745
2499,1975,1929,1938
2506,1566,947,1370
2513,1566,899,1275
2520,1708,1189,1618
2527,867,434,637
2534,1653,1194,1621
2541,1673,1099,1487
2548,1708,1101,1387
2555,1812,1245,1728
2562,1838,903,964
2569,807,401,537
2576,1665,1177,1625
2583,1721,1199,1661
2590,1831,1282,1721
2597,2429,2373,2399
2604,2529,2505,2508
2611,1241,1187,1165
2618,1744,1706,1721
2625,1844,1780,1804
2632,2003,1989,1991
2639,2136,2051,2090
2646,2328,2291,2318
2653,1225,1225,1198
2660,1777,1715,1768
2667,1900,1815,1840
2674,2034,1980,2009
2681,2322,1865,2304
2688,2425,2407,2409
2695,1245,1145,1147
2702,1798,1731,1753
2709,1937,1857,1874
2716,2218,2181,2200
2723,1957,1893,1895
2730,2027,1985,1978
2737,1224,1161,1193
2744,1762,1705,1731
2751,1903,1826,1857
2758,1986,1951,1972
2765,2151,2094,2124
2772,2383,2348,2355
2779,1214,1140,1176
2786,1792,1708,1753
2793,1909,1909,1901
2800,2066,2018,2023
2807,2329,2281,2316
2814,2514,2484,2507
2821,1657,1601,1612
2828,1752,1672,1674
2835,1823,1759,1772
2842,1935,1883,1877
2849,2097,2040,2035
2856,2208,2162,2186
2863,1171,1080,1125
2870,1764,1678,1722
2877,1888,1859,1858
2884,2017,1985,1986
2891,2164,2111,2141
2898,2408,2350,2389
2905,1147,1142,1138
2912,1777,1706,1764
2919,1935,1899,1914
2926,2155,2138,2140
2933,2479,2464,2472
2940,1962,1910,1924
2947,1174,1088,1142
2954,1725,1676,1692
2961,1832,1733,1786
2968,1970,1902,1925
2975,2046,1975,2005
2982,2192,2192,2178
2989,1104,1039,1061
2996,1742,1700,1722
3003,1900,1822,1856
3010,1968,1915,1943
3017,2144,2066,2072
3024,2338,2284,2312
3031,1676,1605,1619
3038,1781,1763,1761
3045,1750,1713,1735
3052,1793,1726,1767
3059,1982,1945,1935
3066,1949,1892,1886
3073,1040,951,1020
3080,1730,1649,1659
3087,1791,1740,1792
3094,1927,1863,1888
3101,1972,1605,1913
3108,2052,1987,2008
3115,982,748,898
3122,1726,1685,1700
3129,1852,1790,1804
3136,2149,2095,2124
3143,2429,2400,2404
3150,2519,2487,2504
3157,894,671,730
3164,1656,1626,1627
3171,1646,1300,1515
3178,1648,1221,1304
3185,1785,1401,1676
3192,1781,1007,1012
3199,829,507,591
3206,1675,1608,1609
3213,1724,1405,1614
3220,1807,1469,1676
3227,1842,1272,1262
3234,1944,1139,1137
3241,1663,1600,1618
3248,1818,1730,1732
3255,1970,1913,1925
3262,1881,1881,1871
3269,2000,1924,1942
3276,2176,2132,2135
3283,1244,1178,1207
3290,1772,1693,1700
3297,1886,1797,1838
3304,2051,1992,2018
3311,2282,2241,2262
3318,2399,2399,2395
3325,1206,1131,1132
3332,1781,1709,1734
3339,1916,1835,1896
3346,2115,2054,2096
3353,2431,2387,2424
3360,2521,2481,2510
3367,1221,1131,1181
3374,1746,1635,1676
3381,1837,1799,1807
3388,1975,1880,1882
3395,2113,2099,2097
3402,2339,2309,2335
3409,1197,1099,1117
3416,1778,1698,1728
3423,1924,1828,1868
3430,2030,1990,2019
3437,2294,2244,2292
3444,2393,2354,2374
3451,1235,1166,1192
3458,1807,1735,1757
3465,1947,1891,1917
3472,2211,2177,2183
3479,1968,1942,1933
3486,2032,1964,2032
3493,1208,1120,1123
3500,1748,1664,1693
3507,1870,1796,1857
3514,2002,1887,1949
3521,2133,2133,2137
3528,2386,2331,2357
3535,1164,1131,1134
3542,1772,1707,1763
3549,1896,1814,1848
3556,2031,1952,1970
3563,2278,2244,2273
3570,2532,2495,2518
3577,1680,1604,1647
3584,1725,1660,1668
3591,1828,1772,1784
3598,1917,1849,1897
3605,1998,1932,1960
3612,2110,2044,2045
3619,1133,1114,1117
3626,1765,1684,1730
3633,1881,1793,1812
3640,1972,1889,1922
3647,2074,2013,2016
3654,2292,2224,2238
3661,1097,1012,1046
3668,1738,1685,1714
3675,1933,1870,1914
3682,2130,2071,2106
3689,2502,2502,2503
3696,1875,1787,1806
3703,1095,1004,1035
3710,1737,1653,1697
3717,1800,1730,1770
3724,1921,1871,1896
3731,1936,1876,1884
3738,2014,1941,1949
3745,1019,842,889
3752,1762,1661,1721
3759,1854,1806,1817
3766,1879,1803,1837
3773,1956,1872,1913
3780,2187,2089,2163
3787,1693,1610,1634
3794,1780,1710,1748
3801,1596,1369,1436
3808,1639,1376,1431
3815,1683,1576,1610
3822,1670,1069,1101
3829,852,591,630
3836,1680,1578,1638
3843,1692,1550,1563
3850,1778,1641,1662
3857,1780,1159,1165
3864,1872,1007,1023
3871,831,530,571
3878,1699,1622,1628
3885,1755,1652,1636
6,2505,5,2485
13,1621,1602,1612
20,1731,1718,1704
27,1778,4,1740
34,1916,1902,1902
41,2123,5,2090
48,2282,4,2250
55,1212,1183,1178
62,1766,1766,1762
69,1904,1890,1882
76,2018,1994,1985
83,2236,4,2201
90,2457,4,2277
97,1211,1131,1132
104,1767,1758,1764
111,1904,7,1873
118,2105,2086,2102
125,2485,5,2405
132,1973,2,1955
139,1191,1191,1187
146,1718,1671,1703
153,1820,3,1798
160,2001,7,1953
167,2166,5,2115
174,2298,5,2290
181,1223,1151,1160
188,1725,1699,1715
195,1883,1862,1863
202,2017,1998,2015
209,2203,4,2181
216,2472,6,1881
223,1627,1587,1596
230,1776,6,1749
237,1785,1770,1781
244,1879,1840,1849
251,2016,1984,1990
258,2183,2149,2144
265,1168,1116,1153
272,1730,1730,1750
279,1856,1856,1853
286,2021,5,1986
293,2129,2129,2125
300,2293,6,2282
307,1143,1088,1080
314,1768,1752,1740
321,1891,1868,1884
328,2130,2084,2087
335,2435,3,2357
342,2492,3,2073
349,1127,1054,1089
356,1709,1651,1699
363,1840,1809,1806
370,1936,1921,1909
377,2093,3,2104
384,2185,2185,2176
391,1131,1070,1083
398,1741,1696,1741
405,1876,1846,1838
412,2007,6,1994
419,2137,2115,2124
426,2298,2263,2269
433,1666,1614,1656
440,1780,7,1750
447,1929,1929,1931
454,1800,1760,1758
461,1857,1779,1822
468,1996,5,1958
475,1054,976,1018
482,1732,1727,1716
489,1799,1780,1771
496,1893,1867,1868
503,2051,2013,2023
510,2107,2044,2040
517,1011,893,902
524,1723,1723,1716
531,1827,1790,1803
538,1971,1920,1948
545,2394,4,2386
552,2494,9,2488
559,902,3,779
566,1648,1604,1624
573,1661,1661,1676
580,1655,2,1359
587,1687,1,1295
594,1786,9,1646
601,836,1,594
608,1664,1624,1674
615,1686,4,1585
622,1745,4,1518
629,1860,4,1761
636,1900,3,993
643,854,2,588
650,1799,1738,1744
657,1914,1914,1906
664,2190,2162,2175
671,1961,1907,1918
678,2055,2045,2059
685,1218,1153,1221
692,1783,1733,1760
699,1881,1825,1857
706,2017,1965,1989
713,2206,2175,2166
720,2432,2386,2402
727,1236,1179,1171
734,1756,1713,1761
741,1909,1855,1876
748,2076,2030,2056
755,2339,2304,2317
762,2503,2497,2496
769,1666,1609,1623
776,1726,1670,1688
783,1845,1732,1767
790,1939,1880,1928
797,2079,2019,2055
804,2232,2224,2219
811,1190,1190,1183
818,1746,1714,1728
825,1890,1830,1829
832,2043,2021,2026
839,2196,2163,2183
846,2445,2409,2433
853,1201,1201,1203
860,1762,1720,1758
867,1961,1880,1906
874,2157,2108,2096
881,2503,2471,2499
888,1984,1921,1944
895,1209,1139,1140
902,1743,1707,1721
909,1829,1780,1802
916,2012,1939,1982
923,2131,2118,2117
930,2243,2212,2231
937,1141,1134,1114
944,1784,1688,1715
951,1894,1833,1889
958,1995,615,1971
965,2180,2121,2135
972,2426,2365,2374
979,1654,598,1661
986,1790,1729,1753
993,1816,1801,1790
1000,1873,1846,1842
1007,2031,1961,1977
1014,2112,2048,2062
1021,1122,1027,1116
1028,1751,1725,1714
1035,1868,1832,1861
1042,2010,1967,1974
1049,2092,627,2064
1056,2230,2163,2163
1063,1088,491,1057
1070,1742,1722,1730
1077,1883,1805,1838
1084,2174,2111,2159
1091,2428,629,2413
1098,2524,2524,2517
1105,1061,1005,1012
1112,1714,1700,1699
1119,1775,1736,1766
1126,1853,1801,1826
1133,1988,1933,1970
1140,2016,628,1939
1147,993,449,925
1154,1731,1669,1663
1161,1807,1756,1784
1168,1959,1870,1913
1175,1992,626,1949
1182,2113,626,2038
1189,1660,1646,1645
1196,1782,1734,1769
1203,2006,1936,1944
1210,1559,528,1408
1217,1577,528,1301
1224,1689,1689,1671
1231,827,311,611
1238,1666,1625,1611
1245,1681,556,1542
1252,1728,519,1399
1259,1851,619,1705
1266,1831,334,947
1273,829,277,574
1280,1672,604,1641
1287,1742,610,1659
1294,1826,625,1719
1301,2429,2409,2397
1308,2518,2493,2516
1315,1255,1156,1229
1322,1739,1677,1718
1329,1832,1777,1799
1336,1978,1957,1958
1343,2118,2076,2107
1350,2359,2328,2340
1357,1215,1133,1149
1364,1769,1730,1743
1371,1880,1806,1849
1378,2038,1985,2025
1385,2316,2300,2302
1392,2413,1036,2392
1399,1213,1123,1178
1406,1813,1722,1763
1413,1931,1870,1885
1420,2202,2157,2208
1427,1980,1952,1947
1434,2071,2034,2049
1441,1178,1105,1159
1448,1758,1690,1700
1455,1884,1841,1829
1462,2010,1979,1994
1469,2162,2116,2132
1476,2406,2384,2375
1483,1200,1114,1194
1490,1787,1719,1729
1497,1931,1859,1892
1504,2052,1985,2013
1511,2335,2300,2307
1518,2521,2506,2503
1525,1636,1582,1586
1532,1743,1689,1694
1539,1787,1784,1766
1546,1937,1853,1870
1553,2065,1975,2027
1560,2197,2147,2180
1567,1148,1046,1090
1574,1762,1684,1730
1581,1901,1820,1855
1588,2037,2015,2004
1595,2169,2110,2151
1602,2407,2359,2375
1609,1196,1132,1147
1616,1761,972,1695
1623,1922,1880,1919
1630,2151,2151,2160
1637,2497,2492,2485
1644,1971,1898,1904
1651,1173,1107,1121
1658,1719,952,1699
1665,1828,994,1794
1672,1981,1883,1910
1679,2041,1971,2018
1686,2219,2122,2169
1693,1122,1113,1119
1700,1775,1711,1733
1707,1871,1806,1866
1714,2017,1944,1985
1721,2123,2051,2088
1728,2340,2285,2303
1735,1649,1649,1642
1742,1794,1748,1759
1749,1783,1720,1738
1756,1814,1755,1742
1763,1921,1828,1838
1770,1981,1874,1877
1777,1023,977,1001
1784,1738,1738,1729
1791,1807,1764,1782
1798,1944,1886,1876
1805,1958,998,1932
1812,2040,1976,1999
1819,993,519,875
1826,1729,1711,1715
1833,1833,1778,1798
1840,2127,2062,2097
1847,2446,2446,2442
1854,2533,2500,2535
1861,893,459,774
1868,1675,1588,1623
1875,1644,795,1471
1882,1701,750,1377
1889,1743,957,1654
1896,1776,527,1006
1903,846,331,586
1910,1677,1604,1605
1917,1672,1611,1640
1924,1803,966,1703
1931,1854,707,1419
1938,1909,647,1180
1945,1683,1589,1619
1952,1793,1720,1731
1959,1953,1896,1922
1966,1896,1827,1842
1973,1996,1904,1939
1980,2213,2171,2185
1987,1214,1161,1178
1994,1754,1735,1723
2001,1857,1341,1826
2008,2037,1997,2003
2015,2271,2271,2280
2022,2366,2334,2348
2029,1186,1123,1166
2036,1795,1732,1749
2043,1901,1858,1867
2050,2137,2106,2125
2057,2439,2391,2414
2064,2521,2500,2500
2071,1229,1177,1179
2078,1755,1718,1698
2085,1849,1804,1802
2092,1985,1915,1917
2099,2126,2090,2090
2106,2337,2297,2320
2113,1185,1084,1114
2120,1769,1714,1726
2127,1876,1837,1851
2134,2051,2006,2016
2141,2290,2248,2262
2148,2396,2372,2386
2155,1210,1133,1153
2162,1766,1741,1756
2169,1947,1874,1881
2176,2206,2159,2207
2183,1939,1372,1927
2190,2018,1430,1961
2197,1170,1123,1126
2204,1739,1666,1705
2211,1860,1807,1851
2218,1973,1952,1955
2225,2120,2056,2099
2232,2359,2321,2334
2239,1193,1170,1170
2246,1775,1743,1732
2253,1913,1809,1872
2260,2017,2001,1991
2267,2292,2269,2272
2274,2512,2490,2502
2281,1638,1619,1606
2288,1744,1703,1719
2295,1816,1743,1776
2302,1901,1858,1906
2309,2006,1948,1968
2316,2110,2063,2067
2323,1096,1026,1049
2330,1783,1720,1732
2337,1876,1812,1837
2344,1949,1899,1903
2351,2085,2025,2037
2358,2319,2251,2250
2365,1101,1036,1079
2372,1772,1679,1733
2379,1935,1905,1914
2386,2141,1487,2120
2393,2484,2463,2473
2400,1893,1824,1849
2407,1080,998,1043
2414,1735,1658,1664
2421,1764,1272,1710
2428,1913,1816,1818
2435,1918,1852,1888
2442,2026,1393,1966
2449,988,630,913
2456,1735,1700,1692
2463,1864,1808,1839
2470,1894,1811,1856
2477,1991,1388,1906
2484,2174,1502,2141
2491,1686,1669,1681
2498,1789,1748,1771
2505,1588,1046,1472
2512,1563,1000,1356
2519,1677,1181,1621
2526,1656,798,1150
2533,847,432,624
2540,1666,1649,1650
2547,1675,1559,1557
2554,1738,1265,1639
2561,1824,1009,1123
2568,1845,1053,1129
2575,806,369,566
2582,1697,1611,1633
2589,1738,1234,1642
2596,2134,2125,2127
2603,2419,2404,2408
2610,2522,2498,2512
2617,1223,1177,1195
2624,1740,1693,1686
2631,1856,1789,1811
2638,2008,1970,1965
2645,2223,2163,2199
2652,2318,2269,2287
2659,1225,1139,1141
2666,1756,1697,1724
2673,1899,1899,1892
2680,2095,2088,2095
2687,2278,2212,2234
2694,2441,2389,2419
2701,1670,1585,1634
2708,1776,1744,1759
2715,1990,1934,1949
2722,1890,1827,1828
2729,1974,1927,1918
2736,2172,2134,2139
2743,1250,1162,1184
2750,1767,1712,1753
2757,1882,1853,1843
2764,2026,1954,1968
2771,2259,2228,2234
2778,2374,2331,2326
2785,1213,1140,1200
2792,1790,1726,1752
2799,1918,1850,1867
2806,2113,2096,2100
2813,2401,2378,2381
2820,2528,2484,2495
2827,1216,1141,1180
2834,1771,1683,1722
2841,1827,1772,1806
2848,1978,1914,1922
2855,2061,1974,2021
2862,2312,2278,2285
2869,1160,1085,1116
2876,1784,1722,1744
2883,1868,1831,1833
2890,2023,1962,1968
2897,2245,2228,2225
2904,2300,2264,2290
2911,1165,1154,1149
2918,1771,1771,1783
2925,1935,1589,1915
2932,2196,2147,2153
2939,1930,1844,1860
2946,1972,1906,1930
2953,1134,952,1096
2960,1758,1680,1718
2967,1862,1832,1832
2974,1965,1944,1950
2981,2078,1994,2070
2988,2283,2211,2225
2995,1127,866,1108
3002,1749,1749,1725
3009,1856,1801,1821
3016,1987,1922,1918
3023,2202,2172,2172
3030,2521,2485,2500
3037,1655,1598,1643
3044,1726,1711,1713
3051,1757,1687,1730
3058,1874,1815,1843
3065,1908,1832,1822
3072,1939,1909,1923
3079,1017,801,922
3086,1744,1730,1721
3093,1830,1804,1813
3100,1888,1557,1839
3107,1977,1587,1921
3114,2166,1764,2110
3121,984,734,856
3128,1714,1418,1676
3135,1922,1858,1885
3142,2145,2145,2144
3149,2491,2477,2476
3156,1488,1052,1201
3163,919,675,773
3170,1642,1317,1621
3177,1643,1333,1513
3184,1707,1629,1649
3191,1739,1150,1161
3198,1762,1061,1055
3205,827,505,591
3212,1698,1616,1661
3219,1753,1411,1677
3226,1774,1378,1547
3233,1851,1381,1388
3240,2039,1546,1768
3247,1663,1600,1619
3254,1791,1716,1728
3261,1831,1760,1786
3268,1891,1891,1879
3275,2048,2008,2037
3282,2245,2173,2217
3289,1217,1166,1187
3296,1754,1668,1731
3303,1913,1820,1878
3310,2096,2034,2057
3317,2220,2182,2193
3324,2407,2362,2385
3331,1236,1144,1199
3338,1786,1705,1725
3345,1964,1924,1911
3352,2146,2111,2128
3359,2440,2399,2402
3366,2524,2515,2517
3373,1235,1162,1197
3380,1729,1662,1685
3387,1858,1790,1803
3394,1975,1945,1965
3401,2206,2173,2169
3408,2295,2242,2249
3415,1240,1162,1176
3422,1780,1679,1739
3429,1895,1828,1885
3436,2083,2025,2055
3443,2228,2179,2225
3450,2388,2361,2373
3457,1654,1585,1578
3464,1785,1697,1712
3471,1981,1926,1962
3478,1883,1805,1827
3485,1968,1887,1895
3492,2114,2065,2088
3499,1169,1125,1159
3506,1782,1695,1712
3513,1854,1798,1831
3520,1983,1898,1911
3527,2237,2213,2221
3534,2302,2258,2270
3541,1154,1098,1147
3548,1765,1689,1709
3555,1898,1827,1832
3562,2064,1994,2033
3569,2414,2385,2388
3576,2522,2496,2512
3583,1174,1173,1190
3590,1711,1668,1685
3597,1810,1723,1761
3604,1925,1827,1881
3611,2029,1939,1989
3618,2213,2169,2177
3625,1124,1076,1077
3632,1776,1709,1745
3639,1856,1814,1846
3646,1997,1897,1933
3653,2186,2155,2146
3660,2212,2142,2170
3667,1097,997,1021
3674,1798,1729,1747
3681,1971,1895,1912
3688,2223,2158,2176
3695,1851,1762,1804
3702,1881,1827,1825
3709,1024,905,975
3716,1757,1703,1700
3723,1810,1784,1771
3730,1879,1813,1815
3737,1944,1840,1881
3744,2145,2057,2083
3751,1006,847,892
3758,1743,1701,1730
3765,1818,1718,1742
3772,1885,1838,1850
3779,2072,1980,2022
3786,2520,2487,2514
3793,1650,1574,1627
3800,1627,1617,1614
3807,1605,1474,1494
3814,1696,1630,1649
3821,1661,1141,1170
3828,1668,1103,1114
3835,830,556,628
3842,1719,1606,1632
3849,1724,1605,1644
3856,1749,1357,1362
3863,1797,1249,1260
3870,1972,1671,1722
3877,833,524,578
3884,1710,1632,1650
5,2404,7,2371
12,2501,4,2478
19,1215,1161,1198
26,1715,1710,1722
33,1814,1776,1802
40,2010,1995,1972
47,2119,2092,2113
54,2355,6,2222
61,1235,1170,1213
68,1734,5,1696
75,1880,1863,1862
82,2043,2040,2040
89,2295,4,2213
96,2398,2394,2393
103,1209,1209,1212
110,1753,1720,1733
117,1934,1924,1924
124,2181,4,2171
131,1945,1905,1918
138,2029,5,2010
145,1196,1157,1171
152,1748,1726,1728
159,1884,1866,1869
166,1978,3,1965
173,2178,2140,2152
180,2382,5,2332
187,1162,1151,1145
194,1766,1766,1759
201,1865,5,1857
208,2060,2060,2070
215,2289,6,2250
222,2509,2,2477
229,1633,4,1590
236,1682,1654,1662
243,1807,1768,1775
250,1918,1918,1913
257,2017,1991,1999
264,2150,4,2149
271,1156,1131,1138
278,1737,1719,1734
285,1871,1848,1862
292,1999,1951,1942
299,2162,2144,2139
306,2366,4,2111
313,1136,1075,1122
320,1777,1756,1736
327,1921,1907,1910
334,2143,2143,2146
341,2479,7,2358
348,1950,1908,1924
355,1147,1089,1108
362,1724,1711,1710
369,1830,1805,1813
376,1962,1960,1961
383,2056,2034,2039
390,2171,2171,2157
397,1108,1007,1037
404,1744,1738,1750
411,1886,1877,1876
418,1960,1950,1928
425,2109,2066,2077
432,2313,6,2217
439,1659,1604,1644
446,1749,1741,1731
453,1773,1761,1774
460,1793,1777,1791
467,1931,1931,1936
474,1964,1892,1901
481,1041,951,990
488,1736,1730,1717
495,1851,1796,1817
502,1926,1875,1874
509,2001,1969,1980
516,2154,2118,2112
523,1031,919,917
530,1733,1697,1692
537,1838,1824,1827
544,2143,6,2105
551,2419,8,2380
558,2495,5,2393
565,898,3,741
572,1670,7,1630
579,1640,4,1501
586,1680,3,1406
593,1743,5,1635
600,1777,3,942
607,829,2,589
614,1683,3,1644
621,1721,4,1608
628,1808,5,1696
635,1830,3,1317
642,1930,4,1083
649,1646,1611,1628
656,1805,1738,1767
663,1962,1941,1954
670,1890,1839,1893
677,1972,1925,1939
684,2187,2151,2151
691,1222,1203,1200
698,1762,1762,1775
705,1899,1839,1868
712,2005,613,1995
719,2285,2247,2257
726,2386,2352,2380
733,1227,1143,1162
740,1789,1701,1751
747,1900,1900,1891
754,2108,2100,2093
761,2435,2379,2408
768,2534,2514,2512
775,1210,1191,1200
782,1741,1662,1684
789,1822,1803,1805
796,1987,1934,1936
803,2087,2061,2077
810,2328,2284,2322
817,1191,1191,1195
824,1780,1738,1749
831,1901,1864,1891
838,2036,1964,1970
845,2324,2263,2276
852,2376,2349,2364
859,1200,1121,1162
866,1789,1723,1762
873,1935,1873,1913
880,2211,2195,2206
887,1949,1917,1936
894,2006,621,1975
901,1231,1137,1148
908,1794,1742,1746
915,1877,1834,1858
922,1977,1919,1923
929,2125,2109,2124
936,2364,2306,2311
943,1168,1098,1113
950,1756,1705,1709
957,1889,1821,1853
964,2034,2034,2032
971,2291,2245,2293
978,2513,2485,2502
985,1668,1605,1604
992,1729,1648,1657
999,1821,1712,1736
1006,1878,1817,1840
1013,1981,1929,1953
1020,2131,2064,2110
1027,1125,1082,1081
1034,1764,1708,1728
1041,1863,1817,1843
1048,1994,1919,1941
1055,2117,2072,2076
1062,2319,2255,2266
1069,1112,1010,1044
1076,1774,1738,1767
1083,1967,1933,1940
1090,2158,2125,2118
1097,2504,2493,2490
1104,1874,1815,1826
1111,1105,1059,1090
1118,1733,1715,1706
1125,1791,1736,1750
1132,1892,1837,1847
1139,1948,1870,1881
1146,2041,1952,1983
1153,968,863,899
1160,1722,1669,1711
1167,1829,1751,1806
1174,1878,1792,1864
1181,2007,619,1948
1188,2219,2144,2154
1195,1653,1653,1650
1202,1791,1731,1734
1209,1576,552,1450
1216,1557,528,1371
1223,1725,1628,1653
1230,1685,374,1156
1237,860,300,639
1244,1681,1621,1623
1251,1683,574,1597
1258,1787,621,1682
1265,1798,399,1208
1272,1870,356,1240
1279,841,285,570
1286,1681,1588,1575
1293,1757,619,1677
1300,2145,2088,2123
1307,2444,2408,2421
1314,2526,2492,2487
1321,1206,1129,1183
1328,1735,1735,1738
1335,1887,1838,1834
1342,1986,1922,1977
1349,2242,2188,2198
1356,2321,1023,2310
1363,1212,1163,1173
1370,1765,1694,1711
1377,1899,996,1879
1384,2088,2064,2082
1391,2235,2187,2197
1398,2436,2421,2430
1405,1688,1597,1653
1412,1787,1731,1758
1419,1968,1926,1943
1426,1885,1868,1879
1433,1965,1965,1963
1440,2166,2111,2135
1447,1203,1111,1157
1454,1768,1714,1751
1461,1875,1820,1829
1468,2003,1960,1982
1475,2253,1038,2235
1482,2344,2324,2319
1489,1239,1151,1191
1496,1754,1699,1731
1503,1903,1828,1841
1510,2126,2059,2078
1517,2418,2390,2398
1524,2514,2490,2490
1531,1202,1118,1171
1538,1766,1678,1700
1545,1816,1777,1779
1552,1961,1895,1938
1559,2072,2005,2038
1566,2302,1043,2263
1573,1155,1099,1145
1580,1750,1711,1715
1587,1868,1795,1830
1594,2028,1983,1999
1601,2279,2216,2245
1608,2321,2300,2318
1615,1190,1119,1171
1622,1783,1742,1745
1629,1975,1873,1877
1636,2203,2153,2172
1643,1908,1844,1863
1650,1967,1954,1948
1657,1118,1044,1070
1664,1764,1667,1699
1671,1869,1824,1822
1678,1937,1893,1884
1685,2056,2010,2025
1692,2292,2246,2265
1699,1106,1014,1036
1706,1741,1685,1717
1713,1895,987,1824
1720,1973,1015,1960
1727,2204,2155,2179
1734,2515,2504,2503
1741,1646,1579,1601
1748,1713,1663,1669
1755,1778,1731,1750
1762,1875,1805,1838
1769,1912,1848,1854
1776,1974,1881,1900
1783,997,577,955
1790,1749,1680,1690
1797,1843,1843,1843
1804,1869,1822,1825
1811,1967,1902,1940
1818,2142,2099,2129
1825,994,539,898
1832,1742,1695,1698
1839,1913,1875,1882
1846,2162,1025,2108
1853,2484,2457,2474
1860,1568,623,1216
1867,919,439,779
1874,1690,1592,1589
1881,1641,837,1499
1888,1715,948,1653
1895,1739,636,1228
1902,1809,579,1008
1909,850,338,604
1916,1692,1669,1671
1923,1723,953,1632
1930,1752,794,1564
1937,1871,740,1357
1944,2024,998,1761
1951,1676,1633,1643
1958,1765,1741,1739
1965,1820,1820,1811
1972,1915,1859,1881
1979,2071,2013,2031
1986,2258,2210,2227
1993,1234,1185,1179
2000,1765,1705,1735
2007,1899,1878,1897
2014,2074,2034,2060
2021,2222,1515,2218
2028,2388,2364,2375
2035,1218,1216,1221
2042,1773,1723,1733
2049,1931,1836,1874
2056,2145,2103,2107
2063,2451,2405,2414
2070,2518,2493,2513
2077,1221,1144,1173
2084,1730,1705,1708
2091,1837,1775,1802
2098,1965,1913,1937
2105,2178,2139,2157
2112,2298,2259,2270
2119,1215,1110,1186
2126,1757,1705,1726
2133,1879,1820,1832
2140,2111,2029,2045
2147,2231,2160,2202
2154,2413,2369,2371
2161,1683,1650,1658
2168,1792,1709,1710
2175,1951,1943,1930
2182,1873,1798,1822
2189,1979,1898,1952
2196,2146,2101,2125
2203,1155,1081,1142
2210,1775,1771,1761
2217,1852,1785,1819
2224,1977,1404,1983
2231,2235,2187,2186
2238,2294,2263,2273
2245,1200,1107,1146
2252,1765,1722,1722
2259,1908,1855,1866
2266,2071,1472,2039
2273,2413,2383,2421
2280,2520,2499,2502
2287,1158,1082,1126
2294,1742,1673,1695
2301,1831,1748,1764
2308,1910,1843,1899
2315,2039,1955,1988
2322,2237,2236,2242
2329,1104,1017,1032
2336,1791,1743,1754
2343,1842,1842,1837
2350,1975,1939,1940
2357,2188,2133,2157
2364,2211,2211,2210
2371,1119,1028,1097
2378,1770,1269,1765
2385,1961,1934,1945
2392,2217,2174,2193
2399,1838,1318,1808
2406,1883,1883,1869
2413,1035,977,979
2420,1742,1667,1703
2427,1834,1767,1771
2434,1876,1779,1778
2441,1963,1903,1958
2448,2142,2065,2088
2455,988,859,892
2462,1724,1685,1693
2469,1807,1749,1762
2476,1906,1342,1848
2483,2104,1474,2022
2490,2512,2482,2490
2497,1644,1594,1614
2504,1630,1546,1557
2511,1613,1083,1411
2518,1684,1684,1668
2525,1685,859,1238
2532,1712,802,1117
2539,787,406,600
2546,1663,1590,1628
2553,1713,1226,1661
2560,1743,1125,1502
2567,1829,1083,1297
2574,1981,1290,1734
2581,806,386,559
2588,1685,1644,1658
2595,1930,1882,1895
2602,2147,2083,2133
2609,2505,2468,2473
2616,2042,1997,2021
2623,1270,1158,1192
2630,1774,1713,1730
2637,1877,1807,1834
2644,2034,1987,2005
2651,2171,2127,2123
2658,2367,2321,2335
2665,1212,1151,1192
2672,1774,1727,1767
2679,1908,1843,1898
2686,2063,2007,2028
2693,2260,2220,2230
2700,2506,2471,2479
2707,1648,1338,1617
2714,1782,1692,1772
2721,1825,1759,1794
2728,1912,1847,1871
2735,2063,2025,2033
2742,2246,2189,2216
2749,1194,1136,1157
2756,1776,1727,1721
2763,1885,1810,1882
2770,2081,2010,2039
2777,2200,2200,2194
2784,2364,2306,2314
2791,1207,1207,1200
2798,1771,1736,1746
2805,1928,1870,1875
2812,2127,2122,2105
2819,2434,2379,2411
2826,2529,2494,2496
2833,1247,1152,1179
2840,1750,1715,1717
2847,1856,1771,1819
2854,1971,1922,1904
2861,2165,2089,2148
2868,2250,2207,2217
2875,1154,1088,1121
2882,1784,1725,1726
2889,1899,1833,1829
2896,2061,2025,2035
2903,2158,2123,2143
2910,2336,2288,2311
2917,1661,1600,1644
2924,1792,1755,1780
2931,1963,1901,1894
2938,1864,1784,1792
2945,1921,1890,1898
2952,2105,2048,2061
2959,1174,1153,1147
2966,1761,1689,1719
2973,1855,1790,1832
2980,1966,1905,1907
2987,2164,2133,2144
2994,2224,2154,2201
3001,1093,1007,1055
3008,1753,1745,1753
3015,1863,1822,1837
3022,2036,1977,2000
3029,2411,2370,2395
3036,2522,2484,2498
3043,1085,1003,1085
3050,1705,1645,1654
3057,1785,1715,1766
3064,1880,1782,1774
3071,1919,1880,1883
3078,2083,2010,2036
3085,1000,822,929
3092,1725,1640,1711
3099,1810,1739,1756
3106,1895,1560,1823
3113,2032,1941,2008
3120,2103,1644,1970
3127,987,749,881
3134,1775,1706,1719
3141,1934,1886,1907
3148,2203,2173,2185
3155,1559,1096,1318
3162,1546,1064,1270
3169,851,534,657
3176,1695,1350,1613
3183,1667,1617,1666
3190,1676,1308,1359
3197,1759,1226,1244
3204,1887,1468,1658
3211,841,495,570
3218,1714,1595,1589
3225,1723,1409,1587
3232,1765,1454,1564
3239,1955,1493,1728
3246,2517,2483,2503
3253,1662,1595,1607
3260,1759,1678,1714
3267,1821,1740,1760
3274,1961,1884,1897
3281,2103,2048,2079
3288,2276,2246,2238
3295,1249,1167,1170
3302,1775,1721,1765
3309,1908,1865,1870
3316,2065,1986,2025
3323,2246,2172,2184
3330,2486,2438,2442
3337,1227,1186,1175
3344,1773,1703,1736
3351,1947,1892,1901
3358,2137,2094,2111
3365,2503,2480,2493
3372,2036,1978,2005
3379,1239,1130,1173
3386,1744,1744,1745
3393,1870,1793,1820
3400,2021,1945,1961
3407,2140,2080,2089
3414,2323,2288,2300
3421,1175,1105,1110
3428,1779,1744,1751
3435,1919,1918,1914
3442,2051,2034,2015
3449,2229,2169,2199
3456,2484,2456,2472
3463,1667,1561,1638
3470,1808,1732,1728
3477,1841,1750,1816
3484,1875,1809,1844
3491,2047,1973,1963
3498,2163,2107,2139
3505,1197,1127,1142
3512,1764,1688,1699
3519,1870,1825,1836
3526,2034,2021,2019
3533,2145,2062,2072
3540,2338,2324,2323
3547,1145,1075,1116
3554,1767,1686,1751
3561,1905,1835,1865
3568,2136,2069,2119
3575,2430,2394,2396
3582,2526,2487,2500
3589,1165,1113,1147
3596,1712,1687,1707
3603,1834,1747,1800
3610,1945,1873,1888
3617,2135,2054,2058
3624,2152,2102,2120
3631,1123,1067,1103
3638,1785,1680,1723
3645,1860,1778,1808
3652,2032,1979,1983
3659,2121,2100,2100
3666,2245,2205,2218
3673,1680,1586,1625
3680,1808,1793,1774
3687,1966,1904,1898
3694,1821,1747,1794
3701,1830,1761,1814
3708,1999,1925,1953
3715,1030,939,976
3722,1728,1653,1673
3729,1816,1704,1757
3736,1877,1765,1820
3743,2048,1965,2019
3750,2010,1909,1989
3757,1009,842,879
3764,1759,1667,1698
3771,1822,1737,1781
3778,1987,1877,1900
3785,2407,2366,2404
3792,2523,2512,2513
3799,901,717,749
3806,1630,1549,1563
3813,1677,1586,1653
3820,1643,1316,1336
3827,1652,1176,1196
3834,1805,1617,1678
3841,837,558,620
3848,1690,1630,1653
3855,1685,1539,1530
3862,1746,1423,1414
3869,1890,1695,1720
3876,1913,1010,1019
3883,818,533,573
4,2115,2094,2098
11,2426,5,2388
18,2497,6,2221
25,1197,1131,1176
32,1709,1670,1679
39,1845,4,1810
46,1976,1932,1962
53,2203,7,2166
60,2309,3,2295
67,1219,1145,1208
74,1741,1711,1720
81,1893,1865,1867
88,2084,9,2048
95,2238,6,2196
102,2428,5,2388
109,1642,1613,1632
116,1741,1741,1746
123,1942,5,1926
130,1853,1853,1836
137,1981,1962,1959
144,2135,4,2105
151,1200,1191,1196
158,1755,1692,1701
165,1880,1880,1876
172,2000,4,1977
179,2242,3,2176
186,2330,6,2328
193,1189,1133,1180
200,1756,1721,1726
207,1872,1835,1862
214,2061,2061,2075
221,2399,4,2354
228,2508,5,2487
235,1214,1207,1222
242,1733,1733,1699
249,1830,1773,1817
256,1929,3,1909
263,2023,1994,2029
270,2257,4,2101
277,1162,1092,1125
284,1751,1722,1713
291,1874,1859,1860
298,1994,4,1953
305,2257,2245,2228
312,2321,2305,2297
319,1154,1082,1116
326,1770,1743,1745
333,1953,1931,1946
340,2183,5,2153
347,1901,1867,1873
354,1946,1884,1894
361,1093,1010,1060
368,1726,1694,1721
375,1857,1845,1843
382,1921,1910,1915
389,2052,2030,2027
396,2246,2,1804
403,1110,1031,1059
410,1733,6,1717
417,1829,1829,1821
424,2004,1968,2009
431,2236,2232,2237
438,2504,7,2468
445,1644,1589,1594
452,1689,2,1649
459,1772,1769,1775
466,1833,1813,1814
473,1931,1900,1896
480,1979,1934,1923
487,1070,958,987
494,1743,1724,1732
501,1818,1805,1807
508,1912,1858,1858
515,2037,2008,2013
522,2155,2,2128
529,1017,903,890
536,1727,1724,1713
543,1914,1886,1899
550,2148,6,2091
557,2469,5,2396
564,1543,5,1169
571,924,2,748
578,1650,4,1591
585,1654,1,1535
592,1689,1656,1655
599,1722,6,1153
606,1790,5,1057
613,832,3,584
620,1660,3,1622
627,1742,3,1651
634,1783,3,1514
641,1863,3,1435
648,2014,5,1776
655,1636,1588,1606
662,1811,1768,1768
669,1828,1802,1801
676,1885,1824,1863
683,2069,2017,2040
690,2255,2199,2204
697,1221,1162,1167
704,1757,1673,1716
711,1878,1876,1873
718,2088,2041,2047
725,2220,2177,2205
732,2407,2383,2391
739,1224,1139,1194
746,1787,1721,1754
753,1930,1911,1927
760,2134,2078,2111
767,2429,2410,2412
774,2527,2527,2517
781,1245,1206,1200
788,1746,1681,1670
795,1855,1801,1819
802,1958,1901,1928
809,2206,630,2177
816,2290,2249,2244
823,1187,1163,1154
830,1770,1701,1736
837,1893,1844,1860
844,2077,2023,2039
851,2228,2205,2212
858,2406,2372,2384
865,1671,1641,1649
872,1800,1739,1745
879,1948,1896,1899
886,1863,1804,1839
893,1922,1916,1931
900,2155,2104,2112
907,1184,518,1103
914,1742,1710,1741
921,1851,1781,1807
928,1968,1890,1948
935,2214,2165,2165
942,2289,2260,2268
949,1176,1176,1167
956,1758,1705,1726
963,1897,1858,1879
970,2079,2031,2033
977,2402,2372,2376
984,2521,2503,2501
991,1180,1094,1112
998,1732,1647,1699
1005,1805,1801,1796
1012,1929,1856,1856
1019,1999,1975,1975
1026,2217,622,2196
1033,1100,1019,1101
1040,1759,1753,1725
1047,1877,1812,1825
1054,1966,1898,1950
1061,2185,2144,2175
1068,2231,2183,2201
1075,1101,1025,1032
1082,1779,1728,1760
1089,1908,1908,1924
1096,2219,2171,2191
1103,1835,1782,1801
1110,1914,1849,1853
1117,1048,979,1007
1124,1720,1687,1696
1131,1824,612,1806
1138,1863,623,1809
1145,1964,1879,1920
1152,2163,2096,2110
1159,1024,434,915
1166,1749,1675,1703
1173,1801,1784,1788
1180,1900,621,1834
1187,2101,624,2041
1194,2515,2487,2492
1201,1682,1637,1637
1208,1614,1555,1609
1215,1615,566,1445
1222,1679,611,1654
1229,1677,415,1169
1236,1693,398,1190
1243,830,282,587
1250,1666,1588,1625
1257,1731,1706,1712
1264,1731,459,1450
1271,1803,448,1411
1278,1960,619,1730
1285,809,266,546
1292,1707,1652,1670
1299,1944,1887,1897
1306,2154,1027,2125
1313,2487,2458,2478
1320,2066,1985,2017
1327,1269,1187,1204
1334,1788,1718,1725
1341,1859,1841,1852
1348,2037,1993,2018
1355,2184,2132,2158
1362,2345,1036,2322
1369,1214,1146,1179
1376,1786,1758,1757
1383,1916,1903,1906
1390,2051,1996,2040
1397,2249,2214,2222
1404,2500,2478,2492
1411,1643,1576,1596
1418,1781,1760,1776
1425,1833,1833,1806
1432,1900,1875,1883
1439,2083,2039,2055
1446,2230,2201,2193
1453,1193,713,1160
1460,1744,1700,1717
1467,1864,995,1834
1474,2063,1026,2042
1481,2193,2142,2166
1488,2398,2344,2362
1495,1206,1109,1177
1502,1778,1683,1711
1509,1929,1887,1888
1516,2159,2110,2112
1523,2428,2379,2398
1530,2523,2496,2495
1537,1211,1167,1181
1544,1763,1693,1713
1551,1895,1821,1857
1558,1935,1893,1896
1565,2160,2105,2111
1572,2267,2230,2252
1579,1153,1092,1157
1586,1783,1730,1735
1593,1867,1834,1832
1600,2061,2011,2011
1607,2184,2184,2176
1614,2357,2321,2337
1621,1678,1612,1602
1628,1791,1732,1736
1635,1957,1928,1929
1642,1874,1796,1834
1649,1919,1880,1891
1656,2085,2065,2070
1663,1142,1073,1122
1670,1745,1704,1698
1677,1836,1767,1780
1684,1941,1890,1918
1691,2153,2126,2143
1698,2235,2176,2197
1705,1107,1041,1049
1712,1773,1707,1721
1719,1871,1786,1804
1726,2062,2050,2048
1733,2418,2389,2400
1740,2529,2491,2488
1747,1089,1014,1080
1754,1713,1654,1677
1761,1825,1776,1783
1768,1849,1765,1830
1775,1924,1869,1879
1782,2085,2085,2088
1789,986,559,924
1796,1734,1645,1677
1803,1834,1825,1829
1810,1891,1825,1832
1817,2047,1968,2005
1824,2101,1005,1996
1831,1004,555,872
1838,1798,1734,1765
1845,1938,1884,1893
1852,2207,2160,2174
1859,1573,668,1268
1866,1518,658,1173
1873,878,385,633
1880,1693,1624,1639
1887,1660,1582,1625
1894,1685,733,1356
1901,1768,669,1293
1908,1861,969,1667
1915,854,336,570
1922,1696,1674,1674
1929,1681,875,1585
1936,1778,889,1574
1943,1931,980,1732
1950,2515,2486,2498
1957,1675,1573,1587
1964,1724,1648,1707
1971,1818,1321,1755
1978,1927,1882,1922
1985,2111,2060,2080
1992,2281,2228,2249
1999,1210,1152,1177
2006,1751,1685,1714
2013,1917,1852,1903
2020,2048,1972,1994
2027,2261,1533,2227
2034,2489,2441,2455
2041,1216,1213,1208
2048,1742,1693,1725
2055,1919,1858,1881
2062,2125,2081,2084
2069,2482,1577,2483
2076,2051,2010,2017
2083,1209,1134,1164
2090,1730,1684,1699
2097,1830,1783,1826
2104,2037,1970,1990
2111,2147,2097,2102
2118,2330,2297,2295
2125,1177,1130,1151
2132,1795,1772,1774
2139,1916,1912,1896
2146,2025,2009,2031
2153,2219,2195,2193
2160,2492,2481,2473
2167,1641,1572,1579
2174,1786,1727,1746
2181,1815,1759,1752
2188,1891,1817,1856
2195,2069,2027,2059
2202,2174,2122,2154
2209,1191,1111,1121
2216,1759,1720,1726
2223,1857,1841,1835
2230,2030,2000,2010
2237,2155,2099,2154
2244,2341,2308,2317
2251,1166,1089,1082
2258,1787,1713,1751
2265,1903,1827,1881
2272,2129,1483,2072
2279,2417,2374,2376
2286,2532,2503,2519
2293,1183,1124,1123
2300,1746,1675,1714
2307,1829,1821,1816
2314,1920,1853,1862
2321,2122,2062,2077
2328,2203,2130,2136
2335,1092,994,1042
2342,1739,1682,1721
2349,1886,1784,1785
2356,2007,1962,1973
2363,2092,2070,2065
2370,2233,2198,2190
2377,1666,1562,1569
2384,1774,1705,1734
2391,1983,1902,1906
2398,1780,1726,1742
2405,1886,1807,1807
2412,2008,1941,1956
2419,1048,971,999
2426,1727,1681,1722
2433,1812,1773,1791
2440,1879,1823,1837
2447,2022,1961,1970
2454,2038,1398,1965
2461,1020,636,905
2468,1728,1728,1716
2475,1819,1783,1792
2482,1955,1396,1887
2489,2429,2400,2410
2496,2519,2495,2515
2503,876,525,757
2510,1648,1563,1571
2517,1679,1604,1618
2524,1636,1006,1369
2531,1679,949,1229
2538,1787,1208,1673
2545,837,414,624
2552,1711,1609,1622
2559,1692,1172,1623
2566,1725,1166,1483
2573,1897,1274,1738
2580,1898,927,994
2587,817,395,568
2594,1778,1760,1768
2601,1931,1885,1921
2608,2211,1816,2176
2615,1998,1905,1945
2622,2110,2048,2060
2629,1230,1185,1178
2636,1754,1691,1725
2643,1901,1854,1870
2650,2024,1925,1990
2657,2209,2129,2122
2664,2433,2392,2411
2671,1178,991,1141
2678,1765,1748,1754
2685,1882,1821,1862
2692,2045,1992,2011
2699,2336,2302,2315
2706,2529,2490,2501
2713,1662,1591,1642
2720,1722,1652,1659
2727,1821,1801,1809
2734,1938,1872,1892
2741,2105,2044,2063
2748,2239,2203,2213
2755,1201,1159,1157
2762,1773,1704,1725
2769,1888,1852,1858
2776,2032,2002,2009
2783,2203,2179,2197
2790,2450,2416,2438
2797,1205,1126,1146
2804,1769,1712,1725
2811,1940,1866,1905
2818,2158,2141,2147
2825,2494,2449,2476
2832,2015,1934,1936
2839,1220,1129,1139
2846,1759,1700,1717
2853,1852,1795,1792
2860,2029,1987,1991
2867,2131,2070,2105
2874,2311,2252,2253
2881,1139,1123,1117
2888,1767,1753,1753
2895,1900,1863,1890
2902,2026,1943,1975
2909,2169,2120,2152
2916,2416,2416,2404
2923,1646,1611,1630
2930,1792,1762,1764
2937,1798,1734,1740
2944,1860,1768,1802
2951,1998,1942,1960
2958,2058,1998,2013
2965,1131,1045,1076
2972,1784,1715,1714
2979,1879,1803,1858
2986,1997,1937,1952
2993,2051,1997,2003
3000,2237,2213,2224
3007,1114,1014,1051
3014,1779,1663,1658
3021,1878,1832,1842
3028,2154,2070,2101
3035,2423,2393,2409
3042,2530,2493,2521
3049,1079,1020,1031
3056,1743,1711,1721
3063,1794,1746,1778
3070,1845,1768,1779
3077,2005,1950,1960
3084,1972,1972,1968
3091,1010,797,972
3098,1742,1714,1721
3105,1801,1727,1749
3112,1915,1862,1902
3119,2006,1636,1919
3126,2105,1658,1997
3133,1657,1639,1643
3140,1793,1720,1797
3147,1948,1598,1901
3154,1583,1157,1366
3161,1541,1123,1336
3168,1694,1394,1598
3175,881,550,622
3182,1690,1604,1634
3189,1673,1324,1560
3196,1712,1329,1436
3203,1840,1460,1684
3210,1881,986,990
3217,813,503,559
3224,1692,1384,1653
3231,1707,1380,1625
3238,1837,1467,1644
3245,2420,2383,2396
3252,2519,2482,2504
3259,1233,1179,1199
3266,1725,1664,1708
3273,1831,1784,1799
3280,1986,1926,1962
3287,2143,2069,2090
3294,2394,2332,2359
3301,1226,1165,1214
3308,1776,1776,1787
3315,1901,1819,1847
3322,2057,1999,2037
3329,2339,2286,2314
3336,2439,2407,2418
3343,1222,1144,1186
3350,1793,1730,1745
3357,1949,1869,1904
3364,2220,2150,2175
3371,1978,1906,1918
3378,2073,2014,2020
3385,1220,1158,1212
3392,1763,1720,1755
3399,1917,1833,1853
3406,2024,1942,1958
3413,2163,2095,2136
3420,2416,2406,2392
3427,1191,1148,1155
3434,1778,1713,1732
3441,1898,1829,1896
3448,2058,1960,1993
3455,2313,2267,2304
3462,2527,2483,2503
3469,1672,1570,1578
3476,1756,1675,1705
3483,1803,1750,1777
3490,1938,1857,1884
3497,2060,2018,2022
3504,2196,2134,2151
3511,1151,1129,1164
3518,1746,1693,1717
3525,1886,1818,1847
3532,2012,1937,1975
3539,2162,2088,2100
3546,2397,2349,2370
3553,1177,1120,1136
3560,1769,1689,1718
3567,1964,1906,1894
3574,2159,2101,2131
3581,2489,2476,2469
3588,1975,1903,1924
3595,1153,1095,1126
3602,1761,1738,1765
3609,1826,1817,1804
3616,1985,1919,1928
3623,2068,2068,2049
3630,2178,2131,2150
3637,1101,1048,1075
3644,1746,1676,1716
3651,1896,1807,1825
3658,1993,1959,1976
3665,2119,2068,2096
3672,2335,2314,2336
3679,1684,1648,1657
3686,1801,1698,1748
3693,1777,1768,1763
3700,1816,1800,1818
3707,1938,1871,1875
3714,1961,1941,1935
3721,1044,935,995
3728,1747,1673,1683
3735,1803,1736,1766
3742,1930,1871,1874
3749,1967,1850,1881
3756,2072,1959,2022
3763,1002,824,856
3770,1740,1652,1693
3777,1826,1802,1803
3784,2165,2092,2103
3791,2450,2402,2418
3798,2528,2498,2504
3805,887,738,763
3812,1666,1666,1639
3819,1623,1482,1507
3826,1660,1295,1309
3833,1733,1607,1668
3840,1780,972,1006
3847,845,565,636
3854,1684,1588,1615
3861,1703,1598,1636
3868,1831,1669,1711
3875,1856,1211,1191
3882,1938,979,990
3,1923,1903,1912
10,2128,2128,2135
17,2471,9,2387
24,2069,7,2021
31,1198,1172,1197
38,1746,1737,1732
45,1881,1860,1862
52,1998,1992,1986
59,2144,4,2132
66,2356,7,2352
73,1221,1214,1200
80,1769,1769,1774
87,1890,1882,1887
94,2067,2041,2037
101,2241,8,2236
108,2476,5,2232
115,1604,5,1595
122,1788,1761,1768
129,1817,1785,1792
136,1873,5,1846
143,2013,6,1969
150,2178,2136,2144
157,1182,1125,1124
164,1772,1737,1752
171,1870,7,1823
178,2037,4,2023
185,2185,2184,2185
192,2370,2370,2370
199,1180,1121,1158
206,1782,4,1755
213,1911,1883,1887
220,2118,6,2101
227,2420,5,2389
234,2493,6,2312
241,1166,1137,1144
248,1701,1674,1689
255,1834,1797,1786
262,1949,1927,1923
269,2127,4,2126
276,2241,4,2217
283,1146,1085,1112
290,1765,1718,1708
297,1840,1785,1814
304,2039,2028,2047
311,2189,2175,2190
318,2335,2319,2332
325,1635,1607,1619
332,1760,1728,1724
339,1960,1920,1963
346,1883,1842,1841
353,1888,1,1863
360,2068,2028,2045
367,1118,1069,1099
374,1757,1684,1717
381,1868,1801,1794
388,1964,1919,1933
395,2148,5,2135
402,2195,2163,2162
409,1124,1042,1081
416,1738,1699,1714
423,1880,1843,1842
430,2027,2027,2010
437,2393,6,2368
444,2501,3,2466
451,1071,1000,1038
458,1714,4,1681
465,1763,1723,1727
472,1866,1821,1838
479,1915,1864,1861
486,2060,4,2026
493,1064,942,946
500,1748,1710,1725
507,1805,1756,1798
514,1942,1905,1910
521,2123,2088,2093
528,2150,2150,2128
535,1040,878,884
542,1790,1750,1763
549,1922,5,1866
556,2183,2183,2185
563,1565,4,1323
570,1555,4,1237
577,868,2,631
584,1643,1622,1631
591,1672,1608,1640
598,1722,2,1428
605,1726,3,1225
612,1906,5,1700
619,781,2,567
626,1679,1642,1658
633,1714,1,1607
640,1816,3,1635
647,1925,8,1731
654,2514,629,2504
661,1652,1582,1597
668,1732,1681,1729
675,1819,1773,1787
682,1970,1909,1947
689,2123,2118,2110
696,2231,2231,2213
703,1224,1165,1162
710,1776,1750,1761
717,1905,1875,1888
724,2022,623,2018
731,2255,2216,2231
738,2475,2454,2452
745,1244,1202,1191
752,1754,1701,1702
759,1958,1892,1918
766,2127,2090,2103
773,2488,619,2464
780,2053,2008,2040
787,1223,1148,1193
794,1764,1679,1721
801,1879,1794,1824
808,2034,1973,1986
815,2138,2096,2118
822,2323,2286,2316
829,1217,1140,1171
836,1787,1731,1769
843,1900,1827,1868
850,2058,2033,2059
857,2248,2192,2192
864,2487,2445,2452
871,1669,1590,1592
878,1797,1730,1759
885,1823,1788,1790
892,1907,1829,1828
899,2022,1970,2027
906,2177,2155,2152
913,1214,1134,1172
920,1756,1694,1712
927,1880,1878,1887
934,2068,2009,2040
941,2135,2078,2107
948,2287,629,2280
955,1142,1086,1133
962,1741,1694,1708
969,1896,1837,1860
976,2139,2139,2130
983,2421,2396,2413
990,2519,2497,2511
997,1153,1099,1125
1004,1736,1668,1683
1011,1824,1745,1765
1018,1933,1856,1903
1025,2107,2083,2085
1032,2165,2092,2131
1039,1135,1076,1088
1046,1750,1748,1739
1053,1873,1782,1803
1060,2031,1975,2007
1067,2121,2060,2054
1074,2291,2206,2260
1081,1693,1637,1651
1088,1798,1738,1765
1095,1978,1909,1964
1102,1831,1831,1815
1109,1857,623,1803
1116,1983,621,1975
1123,1050,950,992
1130,1727,1671,1692
1137,1772,1718,1740
1144,1878,1856,1865
1151,2069,1991,2015
1158,2075,1988,1975
1165,996,424,925
1172,1753,1724,1725
1179,1838,1790,1812
1186,1965,1883,1911
1193,2426,2423,2416
1200,2538,2506,2508
1207,891,368,764
1214,1636,1580,1590
1221,1660,1607,1638
1228,1633,498,1330
1235,1692,442,1221
1242,1776,612,1659
1249,862,280,600
1256,1669,1669,1654
1263,1701,571,1593
1270,1725,527,1518
1277,1874,614,1710
1284,1907,315,1035
1291,819,268,552
1298,1781,1708,1760
1305,1929,1876,1902
1312,2227,2175,2177
1319,1963,1889,1916
1326,2078,2010,2025
1333,1232,1149,1184
1340,1757,1712,1732
1347,1874,1003,1827
1354,2027,2009,2014
1361,2180,2140,2162
1368,2426,2381,2404
1375,1205,1159,1153
1382,1776,1685,1702
1389,1924,1828,1824
1396,2081,2022,2036
1403,2341,2304,2313
1410,2513,2486,2501
1417,1643,1576,1593
1424,1753,1690,1739
1431,1810,1780,1769
1438,1952,1892,1899
1445,2084,2034,2076
1452,2196,2175,2180
1459,1195,1139,1182
1466,1782,1743,1733
1473,1914,1836,1879
1480,2011,1948,1996
1487,2225,2181,2186
1494,2442,2396,2422
1501,1189,1143,1158
1508,1766,1693,1706
1515,1920,1870,1900
1522,2131,2089,2100
1529,2494,2470,2466
1536,2047,1998,2020
1543,1234,1198,1200
1550,1750,1684,1732
1557,1852,1768,1799
1564,1986,1986,1996
1571,2108,2055,2072
1578,2273,2244,2243
1585,1152,1093,1129
1592,1765,1710,1719
1599,1899,1826,1874
1606,2000,1959,1962
1613,2160,2136,2135
1620,2433,2391,2399
1627,1655,1648,1653
1634,1784,1740,1762
1641,1801,1771,1781
1648,1905,1896,1877
1655,2020,1994,2000
1662,2086,2031,2062
1669,1119,1073,1100
1676,1749,1709,1708
1683,1841,1784,1784
1690,1992,1947,1961
1697,2087,2055,2057
1704,2223,2180,2186
1711,1082,638,1045
1718,1771,1707,1745
1725,1879,1861,1857
1732,2136,2078,2085
1739,2432,2407,2431
1746,2516,2488,2504
1753,1099,1048,1047
1760,1733,1733,1709
1767,1807,1745,1765
1774,1861,1853,1864
1781,1995,1897,1910
1788,1984,1927,1939
1795,1015,905,926
1802,1753,1671,1665
1809,1806,983,1768
1816,1940,1920,1907
1823,1975,1003,1960
1830,2105,1006,2001
1837,1678,1617,1615
1844,1785,1690,1748
1851,1997,1931,1947
1858,1583,697,1338
1865,1564,689,1318
1872,1665,935,1642
1879,861,381,621
1886,1655,1593,1620
1893,1682,814,1566
1900,1731,740,1411
1907,1835,965,1679
1914,1861,538,992
1921,837,344,584
1928,1686,1623,1657
1935,1721,916,1648
1942,1825,974,1667
1949,2410,2374,2390
1956,2525,2490,2493
1963,1226,1178,1169
1970,1740,1677,1690
1977,1843,1780,1774
1984,1961,1897,1925
1991,2123,1476,2092
1998,2354,2305,2329
2005,1226,1143,1181
2012,1775,1729,1736
2019,1885,1348,1870
2026,2066,1991,2030
2033,2332,1571,2293
2040,2408,2381,2406
2047,1216,1150,1186
2054,1795,1726,1770
2061,1949,1939,1942
2068,2224,2164,2176
2075,1979,1396,1903
2082,2042,2000,2027
2089,1180,1146,1148
2096,1759,1713,1740
2103,1898,1352,1861
2110,2018,1979,1985
2117,2180,2091,2102
2124,2409,2369,2395
2131,1202,1119,1164
2138,1757,1713,1740
2145,1891,1353,1871
2152,2041,2002,2014
2159,2296,2267,2292
2166,2511,2474,2496
2173,1676,1663,1689
2180,1710,1653,1666
2187,1806,1788,1798
2194,1924,1858,1870
2201,2040,2003,2003
2208,2189,2133,2174
2215,1187,1150,1136
2222,1750,1693,1738
2229,1863,1831,1827
2236,2008,1930,1973
2243,2186,2145,2144
2250,2388,2351,2385
2257,1168,1098,1127
2264,1765,1690,1704
2271,1934,1842,1897
2278,2164,2116,2145
2285,2490,2478,2479
2292,1991,1898,1892
2299,1142,1117,1091
2306,1746,1722,1733
2313,1807,1324,1781
2320,1984,1957,1956
2327,2058,1993,1992
2334,2180,2180,2174
2341,1135,1042,1092
2348,1739,1704,1696
2355,1909,1858,1852
2362,1946,1865,1905
2369,2113,2056,2054
2376,2336,2300,2306
2383,1688,1656,1665
2390,1750,1750,1754
2397,1755,1695,1741
2404,1807,1770,1780
2411,1974,1880,1889
2418,1986,1897,1945
2425,1039,952,986
2432,1737,1705,1711
2439,1826,1750,1769
2446,1902,1374,1883
2453,1972,1893,1897
2460,2061,1414,1954
2467,981,632,880
2474,1765,1694,1690
2481,1811,1749,1782
2488,2114,2055,2115
2495,2419,2418,2421
2502,2529,2529,2526
2509,886,517,754
2516,1673,1615,1638
2523,1648,1111,1471
2530,1657,985,1340
2537,1754,1236,1632
2544,1746,865,1034
2551,852,420,588
2558,1704,1611,1617
2565,1691,1645,1655
2572,1783,1267,1691
2579,1829,1091,1302
2586,1943,1064,1093
2593,1666,1666,1669
2600,1813,1751,1742
2607,1993,1908,1925
2614,1894,1568,1866
2621,1988,1664,1956
2628,2188,2153,2165
2635,1220,1194,1190
2642,1756,1681,1702
2649,1870,1810,1849
2656,2020,1997,2007
2663,2281,2231,2239
2670,2377,2349,2352
2677,1210,1131,1176
2684,1798,1720,1723
2691,1923,1872,1896
2698,2105,1737,2078
2705,2427,2389,2397
2712,2515,2515,2505
2719,1215,1162,1158
2726,1731,1669,1695
2733,1837,1815,1826
2740,1994,1917,1957
2747,2120,1761,2122
2754,2350,2310,2318
2761,1190,1140,1171
2768,1748,1674,1740
2775,1899,1835,1857
2782,2047,2028,2027
2789,2303,2249,2254
2796,2381,2381,2370
2803,1192,1097,1148
2810,1807,1710,1705
2817,1939,1872,1898
2824,2201,2170,2169
2831,1946,1864,1885
2838,2044,1988,2011
2845,1173,1118,1107
2852,1773,1757,1743
2859,1876,1805,1831
2866,2012,1938,1959
2873,2142,2079,2098
2880,2367,2332,2338
2887,1166,1090,1082
2894,1784,1733,1753
2901,1883,1813,1836
2908,2021,1971,1977
2915,2276,2236,2239
2922,2517,2497,2516
2929,1658,1593,1628
2936,1730,1677,1722
2943,1798,1764,1770
2950,1907,1907,1907
2957,2018,1989,1995
2964,2119,2102,2097
2971,1116,1042,1075
2978,1760,1674,1697
2985,1875,1544,1821
2992,1960,1898,1932
2999,2086,2029,2065
3006,2316,1882,2300
3013,1098,1028,1045
3020,1755,1691,1723
3027,1946,1907,1915
3034,2127,2097,2124
3041,2506,2481,2491
3048,1862,1845,1860
3055,1093,1026,1046
3062,1711,1657,1697
3069,1778,1736,1736
3076,1904,1896,1883
3083,1938,1861,1867
3090,2010,1957,1956
3097,988,736,867
3104,1730,1707,1711
3111,1833,1506,1801
3118,1914,1822,1854
3125,2028,1643,1909
3132,2212,1782,2146
3139,1669,1605,1625
3146,1768,1731,1726
3153,1579,1247,1392
3160,1564,1216,1432
3167,1679,1640,1647
3174,1672,926,1054
3181,865,525,644
3188,1673,1673,1671
3195,1657,1563,1584
3202,1760,1395,1632
3209,1777,1204,1217
3216,1863,1110,1104
3223,830,514,550
3230,1691,1680,1690
3237,1772,1445,1700
3244,2150,2095,2125
3251,2457,2457,2454
3258,2527,2507,2500
3265,1219,1209,1205
3272,1758,1673,1706
3279,1871,1821,1818
3286,1983,1908,1971
3293,2259,2236,2231
3300,2374,2374,2366
3307,1210,1123,1184
3314,1785,1698,1731
3321,1901,1849,1865
3328,2088,2088,2090
3335,2251,2230,2232
3342,2423,2388,2390
3349,1687,1610,1605
3356,1818,1739,1740
3363,2003,1908,1934
3370,1884,1811,1827
3377,1984,1921,1933
3384,2171,2163,2161
3391,1214,1145,1189
3398,1761,1692,1726
3405,1865,1816,1836
3412,2013,1934,1979
3419,2255,2203,2259
3426,2360,2360,2356
3433,1235,1135,1164
3440,1777,1705,1741
3447,1914,1864,1882
3454,2115,2049,2052
3461,2429,2401,2425
3468,2514,2488,2500
3475,1194,1133,1164
3482,1742,1658,1698
3489,1842,1800,1834
3496,1976,1936,1946
3503,2074,2018,2039
3510,2305,2276,2291
3517,1200,1080,1141
3524,1761,1673,1717
3531,1861,1817,1828
3538,2015,1987,1981
3545,2262,2228,2226
3552,2352,2296,2323
3559,1172,1090,1114
3566,1757,1685,1723
3573,1951,1924,1948
3580,2242,2180,2203
3587,1895,1879,1877
3594,1973,1881,1916
3601,1178,1098,1150
3608,1762,1671,1729
3615,1847,1799,1811
3622,1964,1925,1912
3629,2102,2020,2044
3636,2289,2237,2260
3643,1075,1003,1038
3650,1746,1680,1697
3657,1836,1767,1773
3664,1987,1932,1954
3671,2195,2136,2169
3678,2514,2490,2498
3685,1659,1599,1613
3692,1719,1634,1676
3699,1780,1683,1705
3706,1871,1796,1810
3713,1903,1826,1855
3720,1983,1910,1946
3727,993,868,945
3734,1727,1675,1681
3741,1839,1771,1798
3748,1866,1809,1839
3755,2013,1899,1892
3762,2152,2076,2111
3769,1001,796,854
3776,1720,1659,1686
3783,1945,1945,1939
3790,2163,2085,2110
3797,2518,2463,2476
3804,1531,1191,1224
3811,907,712,799
3818,1649,1565,1568
3825,1634,1509,1504
3832,1723,1617,1625
3839,1760,1189,1180
3846,1824,1013,1027
3853,821,558,593
3860,1698,1588,1627
3867,1719,1630,1654
3874,1734,1461,1480
3881,1889,1367,1360
3888,2012,1727,1730
2,1772,1737,1749
9,1944,1930,1933
16,2206,6,2177
23,1971,1946,1936
30,2076,2062,2069
37,1210,1166,1162
44,1760,1760,1754
51,1900,4,1890
58,1996,5,1936
65,2170,5,2121
72,2424,4,2260
79,1200,1133,1139
86,1755,1752,1734
93,1892,1876,1890
100,2049,3,2028
107,2341,2321,2332
114,2502,4,2487
121,1680,1663,1671
128,1723,1649,1688
135,1772,1718,1769
142,1941,4,1910
149,2063,2063,2068
156,2247,8,2209
163,1209,1135,1155
170,1753,1746,1754
177,1888,1814,1828
184,2009,1952,1960
191,2175,2145,2143
198,2415,5,2090
205,1186,1175,1178
212,1751,1707,1729
219,1920,1901,1917
226,2140,2140,2129
233,2485,8,2364
240,1991,1964,1975
247,1179,5,1149
254,1726,1689,1702
261,1820,1788,1797
268,2005,2005,2002
275,2102,2084,2091
282,2237,2214,2232
289,1170,1089,1107
296,1729,1727,1742
303,1868,5,1853
310,2018,2018,2024
317,2181,2151,2157
324,2403,4,2068
331,1642,1642,1609
338,1771,1756,1763
345,1771,1705,1750
352,1833,1833,1828
359,1986,1,1983
366,2089,2050,2055
373,1131,1058,1076
380,1737,1699,1688
387,1821,1775,1789
394,1987,1953,1998
401,2113,2063,2078
408,2232,2221,2211
415,1088,1023,1050
422,1724,1710,1723
429,1882,1857,1865
436,2106,2081,2084
443,2408,6,2393
450,2506,5,2182
457,1089,1027,1018
464,1724,1663,1669
471,1788,1770,1781
478,1883,1868,1871
485,2019,1984,1997
492,2057,2009,2010
499,1055,958,958
506,1719,1681,1693
513,1816,4,1784
520,1952,1936,1933
527,2021,1980,1975
534,2194,2128,2128
541,1655,1619,1649
548,1754,2,1760
555,1954,1921,1918
562,1565,3,1397
569,1547,3,1345
576,1672,9,1622
583,835,4,643
590,1660,1647,1638
597,1677,5,1605
604,1730,2,1495
611,1815,2,1724
618,1897,5,1002
625,853,4,581
632,1659,2,1625
639,1696,3,1608
646,1820,4,1738
653,2419,2389,2392
660,2512,2483,2510
667,1239,1184,1205
674,1722,1663,1709
681,1842,1842,1821
688,1970,1930,1958
695,2155,2128,2137
702,2368,2337,2340
709,1209,1144,1166
716,1773,1738,1753
723,1887,1859,1867
730,2038,1977,1999
737,2333,2287,2317
744,2401,2371,2386
751,1198,1123,1186
758,1800,1733,1786
765,1946,1914,1908
772,2221,2161,2198
779,1963,628,1940
786,2056,629,2025
793,1220,1150,1191
800,1756,1740,1745
807,1886,1857,1868
814,1994,1972,1990
821,2151,2101,2137
828,2395,2350,2363
835,1220,1134,1188
842,1789,1726,1731
849,1878,1842,1852
856,2058,621,2030
863,2325,2317,2317
870,2516,2490,2504
877,1649,1588,1596
884,1724,1689,1692
891,1801,1758,1789
898,1947,1914,1923
905,2049,1962,2014
912,2191,2141,2156
919,1180,1090,1113
926,1744,1712,1732
933,1877,1835,1863
940,2004,1968,1977
947,2169,2130,2143
954,2389,2308,2350
961,1166,1087,1152
968,1782,1753,1735
975,1951,1944,1930
982,2132,2066,2092
989,2488,2462,2476
996,1950,1938,1927
1003,1170,1090,1113
1010,1756,1693,1712
1017,1860,1795,1811
1024,1975,1908,1943
1031,2087,2011,2033
1038,2182,2114,2144
1045,1111,1017,1057
1052,1761,1706,1719
1059,1873,1865,1871
1066,2006,1928,1954
1073,2109,618,2076
1080,2373,2291,2310
1087,1644,1580,1594
1094,1789,1719,1731
1101,1770,1692,1734
1108,1830,1769,1760
1115,1925,1879,1879
1122,1938,1863,1903
1129,1021,946,982
1136,1744,1689,1724
1143,1806,1745,1768
1150,1932,1870,1892
1157,1960,1899,1919
1164,2048,1960,2000
1171,974,415,835
1178,1725,1673,1714
1185,1845,1796,1794
1192,2130,2096,2100
1199,2425,626,2417
1206,2524,2499,2511
1213,916,373,777
1220,1647,601,1641
1227,1636,550,1479
1234,1667,512,1402
1241,1788,616,1691
1248,1758,339,1136
1255,809,287,603
1262,1651,611,1578
1269,1704,594,1624
1276,1823,611,1699
1283,1839,402,1357
1290,1919,351,1231
1297,1639,1598,1625
1304,1770,1701,1730
1311,1970,1936,1928
1318,1933,1820,1889
1325,1965,1933,1948
1332,2183,2147,2136
1339,1210,1184,1182
1346,1775,1715,1731
1353,1873,1823,1851
1360,2015,1996,1993
1367,2280,1039,2269
1374,2380,2336,2354
1381,1241,1153,1173
1388,1789,1719,1738
1395,1889,1834,1862
1402,2126,2058,2066
1409,2394,2369,2374
1416,2521,2501,2512
1423,1220,1168,1180
1430,1733,1692,1701
1437,1838,1754,1781
1444,1981,1009,1925
1451,2136,2086,2093
1458,2314,2270,2298
1465,1187,1142,1124
1472,1764,1708,1732
1479,1863,1794,1854
1486,2018,1962,1965
1493,2318,2253,2299
1500,2368,2333,2357
1507,1194,1132,1133
1514,1755,1700,1731
1521,1932,1867,1896
1528,2201,2178,2160
1535,1949,1881,1888
1542,2045,1015,1983
1549,1185,1139,1140
1556,1761,1719,1736
1563,1860,1800,1829
1570,2013,1945,1939
1577,2154,2095,2101
1584,2352,2302,2311
1591,1157,1074,1113
1598,1771,1708,1704
1605,1891,1832,1878
1612,2032,1972,2009
1619,2283,2214,2234
1626,2506,2479,2493
1633,1667,1610,1637
1640,1712,1649,1691
1647,1799,1752,1767
1654,1906,1855,1859
1661,1996,1941,1946
1668,2101,2074,2070
1675,1140,1059,1082
1682,1754,1733,1748
1689,1855,1807,1808
1696,1952,1939,1949
1703,2091,2035,2034
1710,2346,2298,2306
1717,1102,1021,1042
1724,1773,1679,1707
1731,1957,1944,1962
1738,2140,2087,2114
1745,2491,2468,2483
1752,1891,1776,1808
1759,1097,1031,1039
1766,1721,1644,1687
1773,1806,1722,1759
1780,1922,1825,1856
1787,1933,1855,1879
1794,2031,1952,1959
1801,1004,588,938
1808,1743,1663,1722
1815,1815,1770,1792
1822,1915,1848,1868
1829,1977,1884,1891
1836,2186,2125,2148
1843,1641,1597,1624
1850,1769,1702,1714
1857,1570,768,1438
1864,1600,744,1395
1871,1699,1682,1672
1878,1711,544,1096
1885,876,386,637
1892,1674,1672,1667
1899,1680,857,1593
1906,1744,1653,1709
1913,1812,692,1234
1920,1826,597,1052
1927,853,326,574
1934,1711,1686,1681
1941,1739,953,1680
1948,2149,2116,2123
1955,2439,2413,2426
1962,2519,2508,2525
1969,1224,1173,1203
1976,1775,1689,1710
1983,1886,1804,1802
1990,1987,1940,1960
1997,2225,2187,2197
2004,2355,2288,2307
2011,1214,1190,1206
2018,1769,1681,1692
2025,1882,1847,1869
2032,2104,2056,2077
2039,2230,2183,2205
2046,2421,2385,2401
2053,1678,1639,1633
2060,1780,1739,1740
2067,1945,1945,1938
2074,1888,1808,1836
2081,2001,1904,1944
2088,2194,2149,2159
2095,1209,1133,1170
2102,1753,1721,1731
2109,1866,1820,1858
2116,2034,1956,1978
2123,2259,2230,2240
2130,2352,2299,2331
2137,1194,1120,1145
2144,1766,1712,1737
2151,1927,1834,1887
2158,2101,2073,2081
2165,2410,2379,2418
2172,2525,2498,2510
2179,1197,1136,1151
2186,1727,1727,1734
2193,1839,1805,1816
2200,1955,1941,1933
2207,2063,2031,2049
2214,2284,2233,2261
2221,1192,1155,1153
2228,1754,1714,1706
2235,1897,1802,1873
2242,2006,1925,1961
2249,2251,2251,2249
2256,2332,2286,2307
2263,1144,1061,1126
2270,1777,1694,1721
2277,1924,1861,1921
2284,2207,2175,2185
2291,1877,1831,1842
2298,1975,1917,1941
2305,1172,1096,1125
2312,1748,1681,1723
2319,1832,1822,1826
2326,1933,1921,1928
2333,2054,1990,2012
2340,2292,2255,2255
2347,1085,1018,1074
2354,1766,1732,1738
2361,1877,1334,1818
2368,1971,1935,1935
2375,2221,2178,2192
2382,2512,2493,2499
2389,1647,1631,1638
2396,1730,1624,1649
2403,1778,1749,1757
2410,1853,1822,1839
2417,1891,1822,1818
2424,1946,1923,1913
2431,985,652,955
2438,1713,1671,1671
2445,1822,1774,1800
2452,1889,1827,1833
2459,1970,1386,1919
2466,2160,1502,2095
2473,981,628,845
2480,1732,1663,1671
2487,1923,1869,1910
2494,2137,2080,2125
2501,2493,2475,2478
2508,1501,820,1202
2515,906,522,739
2522,1663,1582,1600
2529,1662,1112,1467
2536,1738,1738,1725
2543,1723,947,1108
2550,1807,886,1038
2557,816,417,584
2564,1677,1612,1632
2571,1743,1240,1657
2578,1799,1158,1532
2585,1822,1145,1414
2592,2003,1323,1743
2599,1643,1590,1619
2606,1800,1744,1735
2613,1850,1813,1832
2620,1911,1871,1871
2627,2078,2024,2036
2634,2227,2181,2202
2641,1212,1153,1144
2648,1783,1783,1785
2655,1901,1838,1882
2662,2082,2029,2036
2669,2212,2154,2193
2676,2409,2383,2394
2683,1193,1125,1189
2690,1781,1693,1746
2697,1906,1854,1888
2704,2128,2075,2114
2711,2423,2399,2408
2718,2529,2479,2494
2725,1203,1163,1166
2732,1763,1695,1770
2739,1886,1795,1834
2746,1971,1957,1947
2753,2195,2141,2169
2760,2292,2245,2269
2767,1252,1135,1145
2774,1777,1713,1744
2781,1892,1576,1839
2788,2093,2031,2055
2795,2223,1804,2202
2802,2401,2396,2392
2809,1690,1640,1639
2816,1820,1754,1772
2823,1975,1937,1939
2830,1875,1808,1819
2837,1950,1899,1920
2844,2133,2083,2134
2851,1186,1100,1143
2858,1775,1708,1759
2865,1860,1812,1818
2872,1979,1910,1938
2879,2217,2172,2213
2886,2320,2295,2311
2893,1182,1182,1189
2900,1770,1733,1724
2907,1892,1829,1847
2914,2112,2072,2072
2921,2415,2383,2399
2928,2514,2476,2497
2935,1151,1094,1088
2942,1739,1719,1722
2949,1824,1756,1766
2956,1915,1864,1870
2963,2003,1963,1964
2970,2223,2176,2197
2977,1148,1103,1116
2984,1781,1771,1772
2991,1837,1769,1819
2998,2000,1953,1956
3005,2180,2110,2115
3012,2228,1845,2192
3019,1083,870,1037
3026,1800,1737,1761
3033,1961,1901,1937
3040,2189,2149,2169
3047,1846,1776,1803
3054,1897,1866,1873
3061,1026,953,1002
3068,1765,1685,1698
3075,1802,1736,1770
3082,1863,1786,1814
3089,1945,1586,1878
3096,2130,1748,2084
3103,992,724,893
3110,1726,1686,1708
3117,1812,1752,1777
3124,1885,1822,1841
3131,2109,1709,2017
3138,2521,2497,2520
3145,1677,1587,1589
3152,1602,1536,1571
3159,1609,1287,1472
3166,1682,1615,1671
3173,1642,1078,1213
3180,1673,1023,1125
3187,859,483,596
3194,1697,1645,1661
3201,1702,1384,1628
3208,1763,1346,1431
3215,1825,1297,1299
3222,1955,1502,1760
3229,854,491,544
3236,1684,1653,1656
3243,1956,1880,1884
3250,2164,2102,2105
3257,2500,2456,2484
3264,2054,2005,2025
3271,1232,1159,1184
3278,1750,1666,1694
3285,1895,1802,1863
3292,2040,1965,1975
3299,2178,2129,2140
3306,2350,2321,2325
3313,1226,1142,1176
3320,1803,1750,1769
3327,1926,1924,1937
3334,2066,1990,2038
3341,2257,2205,2250
3348,2512,2470,2486
3355,1668,1586,1627
3362,1783,1739,1750
3369,1860,1764,1812
3376,1874,1819,1843
3383,2093,2012,2048
3390,2214,2202,2208
3397,1179,1121,1152
3404,1779,1703,1736
3411,1883,1794,1801
3418,2063,1996,2044
3425,2195,2130,2140
3432,2367,2292,2320
3439,1204,1119,1137
3446,1808,1736,1749
3453,1931,1863,1886
3460,2135,2125,2115
3467,2424,2382,2412
3474,2537,2502,2501
3481,1194,1137,1151
3488,1758,1666,1719
3495,1843,1820,1820
3502,1986,1905,1917
3509,2156,2086,2113
3516,2261,2189,2196
3523,1174,1124,1152
3530,1745,1692,1720
3537,1904,1827,1840
3544,2065,2008,2010
3551,2178,2107,2116
3558,2333,2286,2308
3565,1678,1619,1653
3572,1794,1694,1738
3579,1952,1860,1894
3586,1857,1767,1822
3593,1932,1890,1890
3600,2101,2028,2046
3607,1142,1085,1118
3614,1753,1652,1679
3621,1854,1775,1821
3628,1941,1874,1911
3635,2151,2098,2127
3642,2216,2192,2193
3649,1073,982,1032
3656,1759,1711,1723
3663,1868,1800,1832
3670,2033,1980,2013
3677,2443,2396,2414
3684,2524,2522,2522
3691,1102,1032,1057
3698,1729,1647,1696
3705,1790,1787,1787
3712,1893,1798,1841
3719,1916,1834,1898
3726,2077,2017,2038
3733,1001,873,932
3740,1752,1714,1710
3747,1813,1725,1770
3754,1889,1808,1833
3761,2034,1965,1987
3768,2102,1955,2013
3775,970,838,906
3782,1827,1767,1791
3789,1963,1915,1918
3796,2215,2146,2185
3803,1547,1259,1295
3810,1566,1211,1238
3817,847,596,656
3824,1678,1591,1617
3831,1712,1648,1669
3838,1692,1300,1323
3845,1733,1236,1227
3852,1918,1621,1648
3859,834,552,563
3866,1713,1613,1617
3873,1730,1570,1578
3880,1756,1586,1601
3887,1927,1700,1720
1,1649,1602,1595
8,1751,1724,1744
15,1941,1898,1916
22,1895,1856,1866
29,1979,5,1945
36,2154,6,2066
43,1187,5,1176
50,1743,1716,1711
57,1878,1864,1857
64,2032,1997,1997
71,2287,2,2236
78,2371,4,2346
85,1198,1126,1145
92,1751,1685,1726
99,1875,1831,1838
106,2109,6,2065
113,2396,4,2374
120,2507,4,2508
127,1196,1139,1162
134,1725,1725,1695
141,1829,1823,1831
148,1961,1941,1939
155,2095,2071,2066
162,2300,5,2117
169,1182,1105,1142
176,1738,6,1715
183,1870,3,1846
190,2026,1996,2002
197,2292,3,2258
204,2365,5,2354
211,1209,1164,1183
218,1766,1736,1749
225,1937,1933,1929
232,2191,7,2180
239,1910,1880,1902
246,1989,3,1947
253,1175,4,1147
260,1725,5,1714
267,1833,1800,1803
274,1992,1949,1949
281,2119,6,2112
288,2334,2,2050
295,1148,1125,1147
302,1715,4,1703
309,1876,1876,1873
316,2033,1980,2006
323,2279,5,2263
330,2498,6,2492
337,1636,3,1605
344,1694,1652,1674
351,1769,8,1742
358,1886,1860,1861
365,1997,7,1966
372,2104,2058,2069
379,1127,1108,1108
386,1725,1679,1685
393,1857,1812,1848
400,1951,1913,1910
407,2137,2083,2121
414,2288,3,2218
421,1086,1010,1052
428,1771,1731,1761
435,1922,1902,1909
442,2134,10,2118
449,2458,2,2394
456,1885,1852,1848
463,1057,1030,1052
470,1755,1696,1709
477,1804,1737,1744
484,1897,7,1876
491,1970,1901,1912
498,2070,2037,2041
505,1029,952,983
512,1779,1709,1738
519,1822,1775,1787
526,1924,1897,1894
533,2032,1989,2000
540,2205,5,2174
547,1637,1591,1613
554,1803,1783,1773
561,1577,4,1482
568,1576,3,1376
575,1673,5,1583
582,1679,4,1013
589,842,2,673
596,1639,3,1638
603,1661,5,1576
610,1754,8,1672
617,1784,2,1370
624,1843,3,1088
631,840,4,566
638,1659,3,1658
645,1742,4,1681
652,2137,2105,2136
659,2449,2411,2431
666,2530,2487,2512
673,1227,1133,1182
680,1751,1703,1708
687,1868,624,1794
694,1975,617,1936
701,2217,2205,2210
708,2313,2278,2308
715,1197,1123,1149
722,1752,1693,1731
729,1929,1859,1888
736,2093,629,2052
743,2278,2232,2252
750,2415,2394,2394
757,1646,1597,1603
764,1791,1715,1713
771,1986,1923,1907
778,1906,621,1880
785,2023,1944,1943
792,2166,625,2163
799,1192,1170,1181
806,1764,1717,1734
813,1862,1822,1823
820,2047,2002,1999
827,2260,2233,2243
834,2352,2292,2297
841,1179,1170,1150
848,1763,1712,1714
855,1888,1832,1850
862,2112,2047,2080
869,2394,2361,2374
876,2513,2489,2494
883,1213,1153,1185
890,1743,1718,1705
897,1836,1739,1777
904,1942,1900,1924
911,2062,624,2008
918,2314,2271,2270
925,1161,1122,1113
932,1783,1742,1745
939,1871,1814,1833
946,2017,1947,1988
953,2244,2195,2197
960,2309,2257,2273
967,1151,1088,1110
974,1764,1693,1705
981,1928,1921,1931
988,2207,2148,2183
995,1911,1862,1875
1002,1985,1924,1910
1009,1111,499,1074
1016,1719,1672,1680
1023,1875,1828,1851
1030,1959,1959,1944
1037,2090,1983,2019
1044,2302,2248,2265
1051,1081,1065,1047
1058,1767,1743,1779
1065,1859,1791,1841
1072,2001,1932,1955
1079,2222,2154,2198
1086,2515,2507,2511
1093,1656,1641,1630
1100,1722,1679,1692
1107,1745,1733,1740
1114,1850,1787,1846
1121,1954,1858,1879
1128,1976,1897,1911
1135,1004,450,959
1142,1709,1651,1659
1149,1834,1787,1796
1156,1885,1825,1841
1163,1971,1965,1947
1170,2193,2107,2117
1177,993,414,940
1184,1752,1724,1746
1191,1922,620,1878
1198,2154,2103,2123
1205,2485,2480,2463
1212,1493,489,1218
1219,914,367,764
1226,1661,1612,1621
1233,1634,565,1508
1240,1714,616,1663
1247,1741,385,1225
1254,1786,374,1126
1261,801,277,586
1268,1673,1612,1621
1275,1723,603,1672
1282,1771,535,1576
1289,1839,463,1481
1296,2033,610,1750
1303,1657,1607,1648
1310,1800,1727,1760
1317,1843,1772,1799
1324,1914,1886,1907
1331,2085,2044,2062
1338,2253,2211,2209
1345,1245,1176,1193
1352,1761,1714,1726
1359,1889,1826,1873
1366,2096,1028,2059
1373,2236,2236,2224
1380,2407,1034,2378
1387,1220,1166,1163
1394,1754,1713,1747
1401,1939,1931,1926
1408,2133,2113,2112
1415,2430,2408,2414
1422,2530,2501,2507
1429,1221,1205,1207
1436,1755,1680,1721
1443,1870,1804,1835
1450,1999,1934,1985
1457,2206,1044,2193
1464,2294,2279,2292
1471,1201,1127,1130
1478,1776,1705,1728
1485,1899,1857,1852
1492,2092,2031,2042
1499,2236,2195,2211
1506,2398,2386,2395
1513,1681,928,1649
1520,1793,1729,1766
1527,1964,1926,1915
1534,1883,1000,1808
1541,1954,1860,1894
1548,2135,2086,2092
1555,1194,1104,1151
1562,1751,1751,1756
1569,1878,1791,1795
1576,2003,1933,1935
1583,2221,2187,2192
1590,2294,2264,2278
1597,1159,1103,1119
1604,1758,1758,1746
1611,1893,1831,1866
1618,2085,2033,2067
1625,2424,2384,2398
1632,2519,2514,2519
1639,1179,1113,1162
1646,1727,1664,1674
1653,1834,1750,1798
1660,1914,1830,1870
1667,1998,1940,1956
1674,2236,1043,2184
1681,1093,1008,1082
1688,1740,958,1697
1695,1881,1816,1847
1702,1982,1947,1946
1709,2219,2185,2207
1716,2240,2166,2184
1723,1096,1018,1053
1730,1779,1721,1722
1737,1954,1921,1916
1744,2217,2150,2172
1751,1812,1766,1787
1758,1882,1825,1806
1765,1003,937,984
1772,1725,1660,1674
1779,1816,1773,1786
1786,1863,1815,1841
1793,1933,1926,1930
1800,2152,2081,2082
1807,984,529,916
1814,1774,1735,1746
1821,1825,983,1756
1828,1899,1846,1841
1835,2101,2002,2003
1842,2521,1049,2512
1849,1663,1590,1607
1856,1647,862,1584
1863,1617,819,1503
1870,1683,1636,1642
1877,1661,621,1211
1884,1719,605,1152
1891,801,349,574
1898,1675,916,1625
1905,1738,941,1641
1912,1726,778,1444
1919,1825,695,1306
1926,1970,983,1724
1933,831,343,579
1940,1715,1669,1689
1947,1933,1860,1872
1954,2145,2095,2094
1961,2515,2495,2503
1968,2095,2068,2062
1975,1235,1164,1185
1982,1786,1700,1707
1989,1869,1791,1803
1996,2033,1980,1982
2003,2177,2132,2162
2010,2371,2307,2332
2017,1207,1207,1205
2024,1783,1731,1760
2031,1911,1887,1899
2038,2058,2016,2045
2045,2264,2215,2226
2052,2506,2470,2487
2059,1659,1569,1596
2066,1784,1764,1771
2073,1810,1297,1772
2080,1882,1834,1868
2087,2084,2014,2024
2094,2216,2164,2187
2101,1220,1196,1188
2108,1774,1714,1731
2115,1884,1848,1868
2122,2054,2017,2029
2129,2167,2140,2139
2136,2358,2323,2350
2143,1236,1129,1137
2150,1779,1762,1769
2157,1911,1859,1889
2164,2151,1469,2120
2171,2447,2413,2438
2178,2534,2487,2501
2185,1176,1131,1128
2192,1748,1678,1703
2199,1879,1796,1793
2206,1976,1950,1977
2213,2164,2124,2135
2220,2283,2251,2274
2227,1197,1120,1142
2234,1766,1682,1726
2241,1873,1852,1865
2248,2073,2031,2025
2255,2172,2118,2136
2262,2354,2310,2313
2269,1679,1592,1609
2276,1822,1716,1723
2283,1958,1913,1928
2290,1880,1821,1835
2297,1917,1854,1880
2304,2128,2120,2114
2311,1142,1045,1086
2318,1746,1669,1702
2325,1867,1818,1827
2332,1958,1900,1951
2339,2159,2122,2152
2346,2208,2139,2191
2353,1090,998,1072
2360,1777,1693,1705
2367,1874,1786,1809
2374,2034,2010,2010
2381,2422,2382,2401
2388,2519,2499,2503
2395,1112,1043,1051
2402,1725,1687,1689
2409,1782,1713,1734
2416,1854,1790,1802
2423,1875,1852,1867
2430,2094,1466,2042
2437,1011,632,931
2444,1721,1651,1719
2451,1803,1751,1761
2458,1887,1849,1861
2465,2060,1440,2016
2472,2085,1402,1912
2479,991,622,866
2486,1770,1735,1748
2493,1927,1352,1896
2500,2213,2179,2203
2507,1549,873,1301
2514,1511,861,1252
2521,843,440,647
2528,1683,1609,1641
2535,1689,1207,1668
2542,1705,1055,1363
2549,1721,1052,1309
2556,1900,1277,1680
2563,838,384,585
2570,1678,1608,1641
2577,1719,1177,1621
2584,1776,1192,1580
2591,1964,1310,1728
2598,2520,2485,2488
2605,1643,1598,1632
2612,1748,1711,1741
2619,1857,1785,1781
2626,1969,1899,1918
2633,2124,2058,2108
2640,2247,2200,2200
2647,1199,1148,1201
2654,1764,1693,1749
2661,1915,1861,1877
2668,2056,2005,2024
2675,2244,2165,2203
2682,2478,2432,2458
2689,1222,1159,1166
2696,1751,1688,1713
2703,1920,1867,1871
2710,2165,2115,2138
2717,2491,2469,2475
2724,2062,2028,2055
2731,1216,1198,1193
2738,1753,1695,1748
2745,1849,1777,1828
2752,2040,1997,2018
2759,2154,2107,2120
2766,2310,2283,2306
2773,1227,1198,1207
2780,1753,1699,1719
2787,1891,1803,1832
2794,2039,1968,1989
2801,2234,2177,2206
2808,2476,2431,2454
2815,1665,1583,1600
2822,1766,1711,1738
2829,1791,1745,1775
2836,1882,1823,1875
2843,2031,1958,1951
2850,2170,2132,2157
2857,1186,1085,1163
2864,1751,1678,1708
2871,1864,1864,1854
2878,2044,1986,2020
2885,2183,2152,2154
2892,2321,2289,2290
2899,1188,1063,1081
2906,1757,1424,1713
2913,1908,1580,1884
2920,2151,2090,2105
2927,2440,2389,2412
2934,2539,2528,2522
2941,1158,1100,1134
2948,1725,1643,1666
2955,1850,1787,1800
2962,1944,1886,1905
2969,2098,2046,2047
2976,2172,2106,2139
2983,1138,1051,1044
2990,1761,1691,1742
2997,1849,1790,1800
3004,2028,2026,2041
3011,2112,2044,2062
3018,2274,1835,2247
3025,1637,1587,1595
3032,1774,1734,1764
3039,1959,1906,1920
3046,1826,1777,1805
3053,1844,1802,1823
3060,2016,1954,1981
3067,1025,932,983
3074,1726,1644,1669
3081,1815,1737,1746
3088,1891,1510,1814
3095,2037,1989,1994
3102,2026,1643,1965
3109,995,759,912
3116,1740,1695,1736
3123,1870,1803,1817
3130,1979,1918,1927
3137,2428,2385,2401
3144,2526,2493,2516
3151,908,647,761
3158,1639,1548,1571
3165,1664,1600,1604
3172,1682,1246,1325
3179,1640,1102,1221
3186,1777,1434,1643
3193,865,525,566
3200,1678,1611,1675
3207,1690,1395,1578
3214,1737,1417,1540
3221,1878,1482,1695
3228,1946,935,944
3235,840,478,550
3242,1793,1737,1781
3249,1944,1866,1880
3256,2231,2169,2184
3263,2018,1983,1981
3270,2078,2020,2039
3277,1221,1205,1214
3284,1790,1687,1690
3291,1870,1843,1838
3298,2016,1933,1961
3305,2196,2159,2171
3312,2433,2392,2401
3319,1226,1146,1193
3326,1806,1721,1761
3333,1906,1890,1893
3340,2062,2010,2031
3347,2356,2318,2316
3354,2525,2479,2482
3361,1693,1677,1690
3368,1797,1693,1717
3375,1846,1738,1757
3382,1938,1872,1929
3389,2086,2025,2048
3396,2241,2198,2219
3403,1198,1107,1174
3410,1753,1678,1707
3417,1928,1834,1878
3424,2015,1941,1965
3431,2203,2199,2185
3438,2431,2397,2402
3445,1221,1194,1178
3452,1757,1673,1723
3459,1936,1888,1914
3466,2164,2085,2107
3473,2500,2451,2470
3480,2008,1949,1945
3487,1204,1164,1186
3494,1743,1702,1716
3501,1853,1817,1840
3508,2021,1961,1970
3515,2141,2065,2097
3522,2288,2232,2246
3529,1175,1154,1149
3536,1767,1724,1764
3543,1891,1830,1889
3550,2034,1971,1979
3557,2202,2136,2134
3564,2413,2367,2410
3571,1658,1562,1613
3578,1784,1695,1785
3585,1796,1729,1727
3592,1885,1781,1801
3599,1995,1959,1964
3606,2103,2013,2027
3613,1134,1087,1092
3620,1746,1665,1670
3627,1877,1789,1793
3634,2005,1942,1963
3641,2084,2013,2048
3648,2205,2154,2189
3655,1084,1006,1064
3662,1757,1690,1703
3669,1904,1821,1865
3676,2134,2091,2108
3683,2448,2387,2418
3690,2535,2501,2509
3697,1112,1059,1095
3704,1716,1642,1679
3711,1804,1773,1778
3718,1854,1781,1800
3725,2013,1982,1984
3732,1989,1880,1922
3739,1005,883,936
3746,1750,1685,1687
3753,1824,1740,1779
3760,1922,1861,1890
3767,1996,1889,1932
3774,2099,1985,2041
3781,1686,1607,1594
3788,1787,1729,1744
3795,1978,1909,1916
3802,1619,1342,1357
3809,1558,1291,1331
3816,1717,1585,1613
3823,888,594,601
3830,1688,1599,1643
3837,1651,1469,1463
3844,1714,1371,1379
3851,1829,1646,1655
3858,1857,946,957
3865,849,526,597
3872,1685,1598,1614
3879,1750,1610,1612
3886,1832,1661,1707
