"run","immigration","infert","supply","push","randomSeed","precFlux","stelaeculty","canalDeath","canalDecay","sust","drought","killMaya","mortality","fort","precMean"
1,1,150,10000.0,2.0,-605823045,0.0,6.0,1.0,0.0,0.1,0.0,0.0,50000.0,500.0,8.0
9,1,150,10000.0,2.0,-605390927,0.0,6.0,1.0,0.0,0.25,0.0,0.0,50000.0,500.0,8.0
17,1,150,10000.0,2.0,-604955267,0.0,6.0,1.0,0.0,0.4,0.0,0.0,50000.0,500.0,8.0
25,1,150,10000.0,2.0,-604522482,0.0,6.0,1.0,0.0,0.5,0.0,0.0,50000.0,500.0,8.0
33,1,150,10000.0,2.0,-604092509,0.0,6.0,1.0,0.0,0.6,0.0,0.0,50000.0,500.0,8.0
41,1,150,10000.0,2.0,-603662620,0.0,6.0,1.0,0.0,0.7,0.0,0.0,50000.0,500.0,8.0
49,1,150,10000.0,2.0,-603222893,0.0,6.0,1.0,0.0,0.8,0.0,0.0,50000.0,500.0,8.0
57,1,150,10000.0,2.0,-602789683,0.0,6.0,1.0,0.0,1.0,0.0,0.0,50000.0,500.0,8.0
65,1,150,10000.0,2.0,-602353542,0.0,6.0,1.0,0.25,0.1,0.0,0.0,50000.0,500.0,8.0
73,1,150,10000.0,2.0,-601920582,0.0,6.0,1.0,0.25,0.25,0.0,0.0,50000.0,500.0,8.0
81,1,150,10000.0,2.0,-601485201,0.0,6.0,1.0,0.25,0.4,0.0,0.0,50000.0,500.0,8.0
89,1,150,10000.0,2.0,-601044688,0.0,6.0,1.0,0.25,0.5,0.0,0.0,50000.0,500.0,8.0
97,1,150,10000.0,2.0,-600610713,0.0,6.0,1.0,0.25,0.6,0.0,0.0,50000.0,500.0,8.0
105,1,150,10000.0,2.0,-600173722,0.0,6.0,1.0,0.25,0.7,0.0,0.0,50000.0,500.0,8.0
113,1,150,10000.0,2.0,-599739512,0.0,6.0,1.0,0.25,0.8,0.0,0.0,50000.0,500.0,8.0
121,1,150,10000.0,2.0,-599297475,0.0,6.0,1.0,0.25,1.0,0.0,0.0,50000.0,500.0,8.0
129,1,150,10000.0,2.0,-598862178,0.0,6.0,1.0,0.5,0.1,0.0,0.0,50000.0,500.0,8.0
137,1,150,10000.0,2.0,-598427989,0.0,6.0,1.0,0.5,0.25,0.0,0.0,50000.0,500.0,8.0
145,1,150,10000.0,2.0,-597995572,0.0,6.0,1.0,0.5,0.4,0.0,0.0,50000.0,500.0,8.0
153,1,150,10000.0,2.0,-597557118,0.0,6.0,1.0,0.5,0.5,0.0,0.0,50000.0,500.0,8.0
161,1,150,10000.0,2.0,-597121486,0.0,6.0,1.0,0.5,0.6,0.0,0.0,50000.0,500.0,8.0
169,1,150,10000.0,2.0,-596686121,0.0,6.0,1.0,0.5,0.7,0.0,0.0,50000.0,500.0,8.0
177,1,150,10000.0,2.0,-596246194,0.0,6.0,1.0,0.5,0.8,0.0,0.0,50000.0,500.0,8.0
185,1,150,10000.0,2.0,-595801224,0.0,6.0,1.0,0.5,1.0,0.0,0.0,50000.0,500.0,8.0
193,1,150,10000.0,2.0,-595363745,0.0,6.0,1.0,1.0,0.1,0.0,0.0,50000.0,500.0,8.0
201,1,150,10000.0,2.0,-594934598,0.0,6.0,1.0,1.0,0.25,0.0,0.0,50000.0,500.0,8.0
209,1,150,10000.0,2.0,-594500344,0.0,6.0,1.0,1.0,0.4,0.0,0.0,50000.0,500.0,8.0
217,1,150,10000.0,2.0,-594062782,0.0,6.0,1.0,1.0,0.5,0.0,0.0,50000.0,500.0,8.0
225,1,150,10000.0,2.0,-593632258,0.0,6.0,1.0,1.0,0.6,0.0,0.0,50000.0,500.0,8.0
233,1,150,10000.0,2.0,-593197854,0.0,6.0,1.0,1.0,0.7,0.0,0.0,50000.0,500.0,8.0
241,1,150,10000.0,2.0,-592756181,0.0,6.0,1.0,1.0,0.8,0.0,0.0,50000.0,500.0,8.0
249,1,150,10000.0,2.0,-592314099,0.0,6.0,1.0,1.0,1.0,0.0,0.0,50000.0,500.0,8.0
257,1,150,10000.0,2.0,-591872092,0.0,6.0,1.0,2.0,0.1,0.0,0.0,50000.0,500.0,8.0
265,1,150,10000.0,2.0,-591445247,0.0,6.0,1.0,2.0,0.25,0.0,0.0,50000.0,500.0,8.0
273,1,150,10000.0,2.0,-591008110,0.0,6.0,1.0,2.0,0.4,0.0,0.0,50000.0,500.0,8.0
281,1,150,10000.0,2.0,-590569104,0.0,6.0,1.0,2.0,0.5,0.0,0.0,50000.0,500.0,8.0
289,1,150,10000.0,2.0,-590134158,0.0,6.0,1.0,2.0,0.6,0.0,0.0,50000.0,500.0,8.0
297,1,150,10000.0,2.0,-589699718,0.0,6.0,1.0,2.0,0.7,0.0,0.0,50000.0,500.0,8.0
305,1,150,10000.0,2.0,-589258779,0.0,6.0,1.0,2.0,0.8,0.0,0.0,50000.0,500.0,8.0
313,1,150,10000.0,2.0,-588827155,0.0,6.0,1.0,2.0,1.0,0.0,0.0,50000.0,500.0,8.0
321,1,150,10000.0,2.0,-588383543,0.0,6.0,1.0,4.0,0.1,0.0,0.0,50000.0,500.0,8.0
329,1,150,10000.0,2.0,-587946789,0.0,6.0,1.0,4.0,0.25,0.0,0.0,50000.0,500.0,8.0
337,1,150,10000.0,2.0,-587505118,0.0,6.0,1.0,4.0,0.4,0.0,0.0,50000.0,500.0,8.0
345,1,150,10000.0,2.0,-587075274,0.0,6.0,1.0,4.0,0.5,0.0,0.0,50000.0,500.0,8.0
353,1,150,10000.0,2.0,-586639143,0.0,6.0,1.0,4.0,0.6,0.0,0.0,50000.0,500.0,8.0
361,1,150,10000.0,2.0,-586203924,0.0,6.0,1.0,4.0,0.7,0.0,0.0,50000.0,500.0,8.0
369,1,150,10000.0,2.0,-585767076,0.0,6.0,1.0,4.0,0.8,0.0,0.0,50000.0,500.0,8.0
377,1,150,10000.0,2.0,-585326859,0.0,6.0,1.0,4.0,1.0,0.0,0.0,50000.0,500.0,8.0
385,1,150,10000.0,2.0,-584882388,0.0,6.0,1.0,8.0,0.1,0.0,0.0,50000.0,500.0,8.0
393,1,150,10000.0,2.0,-584453161,0.0,6.0,1.0,8.0,0.25,0.0,0.0,50000.0,500.0,8.0
401,1,150,10000.0,2.0,-584015564,0.0,6.0,1.0,8.0,0.4,0.0,0.0,50000.0,500.0,8.0
409,1,150,10000.0,2.0,-583584792,0.0,6.0,1.0,8.0,0.5,0.0,0.0,50000.0,500.0,8.0
417,1,150,10000.0,2.0,-583144959,0.0,6.0,1.0,8.0,0.6,0.0,0.0,50000.0,500.0,8.0
425,1,150,10000.0,2.0,-582710633,0.0,6.0,1.0,8.0,0.7,0.0,0.0,50000.0,500.0,8.0
433,1,150,10000.0,2.0,-582273343,0.0,6.0,1.0,8.0,0.8,0.0,0.0,50000.0,500.0,8.0
441,1,150,10000.0,2.0,-581833162,0.0,6.0,1.0,8.0,1.0,0.0,0.0,50000.0,500.0,8.0
449,1,150,10000.0,2.0,-581390534,0.0,6.0,1.0,16.0,0.1,0.0,0.0,50000.0,500.0,8.0
457,1,150,10000.0,2.0,-580961803,0.0,6.0,1.0,16.0,0.25,0.0,0.0,50000.0,500.0,8.0
465,1,150,10000.0,2.0,-580525118,0.0,6.0,1.0,16.0,0.4,0.0,0.0,50000.0,500.0,8.0
473,1,150,10000.0,2.0,-580086508,0.0,6.0,1.0,16.0,0.5,0.0,0.0,50000.0,500.0,8.0
481,1,150,10000.0,2.0,-579650446,0.0,6.0,1.0,16.0,0.6,0.0,0.0,50000.0,500.0,8.0
489,1,150,10000.0,2.0,-579216178,0.0,6.0,1.0,16.0,0.7,0.0,0.0,50000.0,500.0,8.0
497,1,150,10000.0,2.0,-578779667,0.0,6.0,1.0,16.0,0.8,0.0,0.0,50000.0,500.0,8.0
505,1,150,10000.0,2.0,-578343129,0.0,6.0,1.0,16.0,1.0,0.0,0.0,50000.0,500.0,8.0
513,1,150,10000.0,2.0,-577892886,0.0,6.0,2.0,0.0,0.1,0.0,0.0,50000.0,500.0,8.0
521,1,150,10000.0,2.0,-577457249,0.0,6.0,2.0,0.0,0.25,0.0,0.0,50000.0,500.0,8.0
529,1,150,10000.0,2.0,-577019651,0.0,6.0,2.0,0.0,0.4,0.0,0.0,50000.0,500.0,8.0
537,1,150,10000.0,2.0,-576587229,0.0,6.0,2.0,0.0,0.5,0.0,0.0,50000.0,500.0,8.0
545,1,150,10000.0,2.0,-576147949,0.0,6.0,2.0,0.0,0.6,0.0,0.0,50000.0,500.0,8.0
553,1,150,10000.0,2.0,-575707367,0.0,6.0,2.0,0.0,0.7,0.0,0.0,50000.0,500.0,8.0
561,1,150,10000.0,2.0,-575268456,0.0,6.0,2.0,0.0,0.8,0.0,0.0,50000.0,500.0,8.0
569,1,150,10000.0,2.0,-574830005,0.0,6.0,2.0,0.0,1.0,0.0,0.0,50000.0,500.0,8.0
577,1,150,10000.0,2.0,-574392802,0.0,6.0,2.0,0.25,0.1,0.0,0.0,50000.0,500.0,8.0
585,1,150,10000.0,2.0,-573961547,0.0,6.0,2.0,0.25,0.25,0.0,0.0,50000.0,500.0,8.0
593,1,150,10000.0,2.0,-573524641,0.0,6.0,2.0,0.25,0.4,0.0,0.0,50000.0,500.0,8.0
601,1,150,10000.0,2.0,-573087358,0.0,6.0,2.0,0.25,0.5,0.0,0.0,50000.0,500.0,8.0
609,1,150,10000.0,2.0,-572648419,0.0,6.0,2.0,0.25,0.6,0.0,0.0,50000.0,500.0,8.0
617,1,150,10000.0,2.0,-572212273,0.0,6.0,2.0,0.25,0.7,0.0,0.0,50000.0,500.0,8.0
625,1,150,10000.0,2.0,-571779486,0.0,6.0,2.0,0.25,0.8,0.0,0.0,50000.0,500.0,8.0
633,1,150,10000.0,2.0,-571335253,0.0,6.0,2.0,0.25,1.0,0.0,0.0,50000.0,500.0,8.0
641,1,150,10000.0,2.0,-570887401,0.0,6.0,2.0,0.5,0.1,0.0,0.0,50000.0,500.0,8.0
649,1,150,10000.0,2.0,-570450223,0.0,6.0,2.0,0.5,0.25,0.0,0.0,50000.0,500.0,8.0
657,1,150,10000.0,2.0,-570017383,0.0,6.0,2.0,0.5,0.4,0.0,0.0,50000.0,500.0,8.0
665,1,150,10000.0,2.0,-569580787,0.0,6.0,2.0,0.5,0.5,0.0,0.0,50000.0,500.0,8.0
673,1,150,10000.0,2.0,-569142893,0.0,6.0,2.0,0.5,0.6,0.0,0.0,50000.0,500.0,8.0
681,1,150,10000.0,2.0,-568702469,0.0,6.0,2.0,0.5,0.7,0.0,0.0,50000.0,500.0,8.0
689,1,150,10000.0,2.0,-568260124,0.0,6.0,2.0,0.5,0.8,0.0,0.0,50000.0,500.0,8.0
697,1,150,10000.0,2.0,-567824193,0.0,6.0,2.0,0.5,1.0,0.0,0.0,50000.0,500.0,8.0
705,1,150,10000.0,2.0,-567387316,0.0,6.0,2.0,1.0,0.1,0.0,0.0,50000.0,500.0,8.0
713,1,150,10000.0,2.0,-566961568,0.0,6.0,2.0,1.0,0.25,0.0,0.0,50000.0,500.0,8.0
721,1,150,10000.0,2.0,-566520827,0.0,6.0,2.0,1.0,0.4,0.0,0.0,50000.0,500.0,8.0
729,1,150,10000.0,2.0,-566087110,0.0,6.0,2.0,1.0,0.5,0.0,0.0,50000.0,500.0,8.0
737,1,150,10000.0,2.0,-565653759,0.0,6.0,2.0,1.0,0.6,0.0,0.0,50000.0,500.0,8.0
