"run","immigration","infert","supply","push","randomSeed","precFlux","stelaeculty","canalDeath","canalDecay","sust","drought","killMaya","mortality","fort","precMean"
2,1,150,10000.0,2.0,-605823159,0.0,6.0,1.0,0.0,0.1,1.0,0.0,50000.0,500.0,8.0
10,1,150,10000.0,2.0,-605385330,0.0,6.0,1.0,0.0,0.25,1.0,0.0,50000.0,500.0,8.0
18,1,150,10000.0,2.0,-604948691,0.0,6.0,1.0,0.0,0.4,1.0,0.0,50000.0,500.0,8.0
26,1,150,10000.0,2.0,-604522477,0.0,6.0,1.0,0.0,0.5,1.0,0.0,50000.0,500.0,8.0
34,1,150,10000.0,2.0,-604091924,0.0,6.0,1.0,0.0,0.6,1.0,0.0,50000.0,500.0,8.0
42,1,150,10000.0,2.0,-603653163,0.0,6.0,1.0,0.0,0.7,1.0,0.0,50000.0,500.0,8.0
50,1,150,10000.0,2.0,-603221624,0.0,6.0,1.0,0.0,0.8,1.0,0.0,50000.0,500.0,8.0
58,1,150,10000.0,2.0,-602788184,0.0,6.0,1.0,0.0,1.0,1.0,0.0,50000.0,500.0,8.0
66,1,150,10000.0,2.0,-602355687,0.0,6.0,1.0,0.25,0.1,1.0,0.0,50000.0,500.0,8.0
74,1,150,10000.0,2.0,-601922144,0.0,6.0,1.0,0.25,0.25,1.0,0.0,50000.0,500.0,8.0
82,1,150,10000.0,2.0,-601490007,0.0,6.0,1.0,0.25,0.4,1.0,0.0,50000.0,500.0,8.0
90,1,150,10000.0,2.0,-601048628,0.0,6.0,1.0,0.25,0.5,1.0,0.0,50000.0,500.0,8.0
98,1,150,10000.0,2.0,-600611041,0.0,6.0,1.0,0.25,0.6,1.0,0.0,50000.0,500.0,8.0
106,1,150,10000.0,2.0,-600175562,0.0,6.0,1.0,0.25,0.7,1.0,0.0,50000.0,500.0,8.0
114,1,150,10000.0,2.0,-599735006,0.0,6.0,1.0,0.25,0.8,1.0,0.0,50000.0,500.0,8.0
122,1,150,10000.0,2.0,-599299215,0.0,6.0,1.0,0.25,1.0,1.0,0.0,50000.0,500.0,8.0
130,1,150,10000.0,2.0,-598866148,0.0,6.0,1.0,0.5,0.1,1.0,0.0,50000.0,500.0,8.0
138,1,150,10000.0,2.0,-598440285,0.0,6.0,1.0,0.5,0.25,1.0,0.0,50000.0,500.0,8.0
146,1,150,10000.0,2.0,-598013311,0.0,6.0,1.0,0.5,0.4,1.0,0.0,50000.0,500.0,8.0
154,1,150,10000.0,2.0,-597574674,0.0,6.0,1.0,0.5,0.5,1.0,0.0,50000.0,500.0,8.0
162,1,150,10000.0,2.0,-597133432,0.0,6.0,1.0,0.5,0.6,1.0,0.0,50000.0,500.0,8.0
170,1,150,10000.0,2.0,-596697054,0.0,6.0,1.0,0.5,0.7,1.0,0.0,50000.0,500.0,8.0
178,1,150,10000.0,2.0,-596254820,0.0,6.0,1.0,0.5,0.8,1.0,0.0,50000.0,500.0,8.0
186,1,150,10000.0,2.0,-595812744,0.0,6.0,1.0,0.5,1.0,1.0,0.0,50000.0,500.0,8.0
194,1,150,10000.0,2.0,-595376911,0.0,6.0,1.0,1.0,0.1,1.0,0.0,50000.0,500.0,8.0
202,1,150,10000.0,2.0,-594951219,0.0,6.0,1.0,1.0,0.25,1.0,0.0,50000.0,500.0,8.0
210,1,150,10000.0,2.0,-594516171,0.0,6.0,1.0,1.0,0.4,1.0,0.0,50000.0,500.0,8.0
218,1,150,10000.0,2.0,-594084252,0.0,6.0,1.0,1.0,0.5,1.0,0.0,50000.0,500.0,8.0
226,1,150,10000.0,2.0,-593647100,0.0,6.0,1.0,1.0,0.6,1.0,0.0,50000.0,500.0,8.0
234,1,150,10000.0,2.0,-593211579,0.0,6.0,1.0,1.0,0.7,1.0,0.0,50000.0,500.0,8.0
242,1,150,10000.0,2.0,-592764939,0.0,6.0,1.0,1.0,0.8,1.0,0.0,50000.0,500.0,8.0
250,1,150,10000.0,2.0,-592324338,0.0,6.0,1.0,1.0,1.0,1.0,0.0,50000.0,500.0,8.0
258,1,150,10000.0,2.0,-591883085,0.0,6.0,1.0,2.0,0.1,1.0,0.0,50000.0,500.0,8.0
266,1,150,10000.0,2.0,-591452519,0.0,6.0,1.0,2.0,0.25,1.0,0.0,50000.0,500.0,8.0
274,1,150,10000.0,2.0,-591024319,0.0,6.0,1.0,2.0,0.4,1.0,0.0,50000.0,500.0,8.0
282,1,150,10000.0,2.0,-590584872,0.0,6.0,1.0,2.0,0.5,1.0,0.0,50000.0,500.0,8.0
290,1,150,10000.0,2.0,-590148581,0.0,6.0,1.0,2.0,0.6,1.0,0.0,50000.0,500.0,8.0
298,1,150,10000.0,2.0,-589713617,0.0,6.0,1.0,2.0,0.7,1.0,0.0,50000.0,500.0,8.0
306,1,150,10000.0,2.0,-589270793,0.0,6.0,1.0,2.0,0.8,1.0,0.0,50000.0,500.0,8.0
314,1,150,10000.0,2.0,-588838652,0.0,6.0,1.0,2.0,1.0,1.0,0.0,50000.0,500.0,8.0
322,1,150,10000.0,2.0,-588398444,0.0,6.0,1.0,4.0,0.1,1.0,0.0,50000.0,500.0,8.0
330,1,150,10000.0,2.0,-587963350,0.0,6.0,1.0,4.0,0.25,1.0,0.0,50000.0,500.0,8.0
338,1,150,10000.0,2.0,-587534298,0.0,6.0,1.0,4.0,0.4,1.0,0.0,50000.0,500.0,8.0
346,1,150,10000.0,2.0,-587096920,0.0,6.0,1.0,4.0,0.5,1.0,0.0,50000.0,500.0,8.0
354,1,150,10000.0,2.0,-586662748,0.0,6.0,1.0,4.0,0.6,1.0,0.0,50000.0,500.0,8.0
362,1,150,10000.0,2.0,-586225464,0.0,6.0,1.0,4.0,0.7,1.0,0.0,50000.0,500.0,8.0
370,1,150,10000.0,2.0,-585782762,0.0,6.0,1.0,4.0,0.8,1.0,0.0,50000.0,500.0,8.0
378,1,150,10000.0,2.0,-585344658,0.0,6.0,1.0,4.0,1.0,1.0,0.0,50000.0,500.0,8.0
386,1,150,10000.0,2.0,-584910221,0.0,6.0,1.0,8.0,0.1,1.0,0.0,50000.0,500.0,8.0
394,1,150,10000.0,2.0,-584485260,0.0,6.0,1.0,8.0,0.25,1.0,0.0,50000.0,500.0,8.0
402,1,150,10000.0,2.0,-584054546,0.0,6.0,1.0,8.0,0.4,1.0,0.0,50000.0,500.0,8.0
410,1,150,10000.0,2.0,-583621486,0.0,6.0,1.0,8.0,0.5,1.0,0.0,50000.0,500.0,8.0
418,1,150,10000.0,2.0,-583181503,0.0,6.0,1.0,8.0,0.6,1.0,0.0,50000.0,500.0,8.0
426,1,150,10000.0,2.0,-582746666,0.0,6.0,1.0,8.0,0.7,1.0,0.0,50000.0,500.0,8.0
434,1,150,10000.0,2.0,-582309322,0.0,6.0,1.0,8.0,0.8,1.0,0.0,50000.0,500.0,8.0
442,1,150,10000.0,2.0,-581867809,0.0,6.0,1.0,8.0,1.0,1.0,0.0,50000.0,500.0,8.0
450,1,150,10000.0,2.0,-581432509,0.0,6.0,1.0,16.0,0.1,1.0,0.0,50000.0,500.0,8.0
458,1,150,10000.0,2.0,-580996835,0.0,6.0,1.0,16.0,0.25,1.0,0.0,50000.0,500.0,8.0
466,1,150,10000.0,2.0,-580562360,0.0,6.0,1.0,16.0,0.4,1.0,0.0,50000.0,500.0,8.0
474,1,150,10000.0,2.0,-580124377,0.0,6.0,1.0,16.0,0.5,1.0,0.0,50000.0,500.0,8.0
482,1,150,10000.0,2.0,-579689065,0.0,6.0,1.0,16.0,0.6,1.0,0.0,50000.0,500.0,8.0
490,1,150,10000.0,2.0,-579247509,0.0,6.0,1.0,16.0,0.7,1.0,0.0,50000.0,500.0,8.0
498,1,150,10000.0,2.0,-578807833,0.0,6.0,1.0,16.0,0.8,1.0,0.0,50000.0,500.0,8.0
506,1,150,10000.0,2.0,-578369229,0.0,6.0,1.0,16.0,1.0,1.0,0.0,50000.0,500.0,8.0
514,1,150,10000.0,2.0,-577930256,0.0,6.0,2.0,0.0,0.1,1.0,0.0,50000.0,500.0,8.0
522,1,150,10000.0,2.0,-577501361,0.0,6.0,2.0,0.0,0.25,1.0,0.0,50000.0,500.0,8.0
530,1,150,10000.0,2.0,-577065717,0.0,6.0,2.0,0.0,0.4,1.0,0.0,50000.0,500.0,8.0
538,1,150,10000.0,2.0,-576629105,0.0,6.0,2.0,0.0,0.5,1.0,0.0,50000.0,500.0,8.0
546,1,150,10000.0,2.0,-576190982,0.0,6.0,2.0,0.0,0.6,1.0,0.0,50000.0,500.0,8.0
554,1,150,10000.0,2.0,-575755854,0.0,6.0,2.0,0.0,0.7,1.0,0.0,50000.0,500.0,8.0
562,1,150,10000.0,2.0,-575317828,0.0,6.0,2.0,0.0,0.8,1.0,0.0,50000.0,500.0,8.0
570,1,150,10000.0,2.0,-574876181,0.0,6.0,2.0,0.0,1.0,1.0,0.0,50000.0,500.0,8.0
578,1,150,10000.0,2.0,-574444060,0.0,6.0,2.0,0.25,0.1,1.0,0.0,50000.0,500.0,8.0
586,1,150,10000.0,2.0,-574020106,0.0,6.0,2.0,0.25,0.25,1.0,0.0,50000.0,500.0,8.0
594,1,150,10000.0,2.0,-573587805,0.0,6.0,2.0,0.25,0.4,1.0,0.0,50000.0,500.0,8.0
602,1,150,10000.0,2.0,-573152438,0.0,6.0,2.0,0.25,0.5,1.0,0.0,50000.0,500.0,8.0
610,1,150,10000.0,2.0,-572720268,0.0,6.0,2.0,0.25,0.6,1.0,0.0,50000.0,500.0,8.0
618,1,150,10000.0,2.0,-572281361,0.0,6.0,2.0,0.25,0.7,1.0,0.0,50000.0,500.0,8.0
626,1,150,10000.0,2.0,-571841861,0.0,6.0,2.0,0.25,0.8,1.0,0.0,50000.0,500.0,8.0
634,1,150,10000.0,2.0,-571411315,0.0,6.0,2.0,0.25,1.0,1.0,0.0,50000.0,500.0,8.0
642,1,150,10000.0,2.0,-570973242,0.0,6.0,2.0,0.5,0.1,1.0,0.0,50000.0,500.0,8.0
650,1,150,10000.0,2.0,-570539185,0.0,6.0,2.0,0.5,0.25,1.0,0.0,50000.0,500.0,8.0
658,1,150,10000.0,2.0,-570105264,0.0,6.0,2.0,0.5,0.4,1.0,0.0,50000.0,500.0,8.0
666,1,150,10000.0,2.0,-569669947,0.0,6.0,2.0,0.5,0.5,1.0,0.0,50000.0,500.0,8.0
674,1,150,10000.0,2.0,-569236175,0.0,6.0,2.0,0.5,0.6,1.0,0.0,50000.0,500.0,8.0
682,1,150,10000.0,2.0,-568798209,0.0,6.0,2.0,0.5,0.7,1.0,0.0,50000.0,500.0,8.0
690,1,150,10000.0,2.0,-568358371,0.0,6.0,2.0,0.5,0.8,1.0,0.0,50000.0,500.0,8.0
698,1,150,10000.0,2.0,-567924561,0.0,6.0,2.0,0.5,1.0,1.0,0.0,50000.0,500.0,8.0
706,1,150,10000.0,2.0,-567489972,0.0,6.0,2.0,1.0,0.1,1.0,0.0,50000.0,500.0,8.0
714,1,150,10000.0,2.0,-567061899,0.0,6.0,2.0,1.0,0.25,1.0,0.0,50000.0,500.0,8.0
722,1,150,10000.0,2.0,-566625516,0.0,6.0,2.0,1.0,0.4,1.0,0.0,50000.0,500.0,8.0
730,1,150,10000.0,2.0,-566192102,0.0,6.0,2.0,1.0,0.5,1.0,0.0,50000.0,500.0,8.0
738,1,150,10000.0,2.0,-565760478,0.0,6.0,2.0,1.0,0.6,1.0,0.0,50000.0,500.0,8.0
