"run","immigration","infert","supply","push","randomSeed","precFlux","stelaeculty","canalDeath","canalDecay","sust","drought","killMaya","mortality","fort","precMean"
3,1,150,10000.0,2.0,-605822428,0.0,6.0,1.0,0.0,0.1,2.0,0.0,50000.0,500.0,8.0
11,1,150,10000.0,2.0,-605407771,0.0,6.0,1.0,0.0,0.25,2.0,0.0,50000.0,500.0,8.0
19,1,150,10000.0,2.0,-605001156,0.0,6.0,1.0,0.0,0.4,2.0,0.0,50000.0,500.0,8.0
27,1,150,10000.0,2.0,-604589791,0.0,6.0,1.0,0.0,0.5,2.0,0.0,50000.0,500.0,8.0
35,1,150,10000.0,2.0,-604178449,0.0,6.0,1.0,0.0,0.6,2.0,0.0,50000.0,500.0,8.0
43,1,150,10000.0,2.0,-603763072,0.0,6.0,1.0,0.0,0.7,2.0,0.0,50000.0,500.0,8.0
51,1,150,10000.0,2.0,-603348308,0.0,6.0,1.0,0.0,0.8,2.0,0.0,50000.0,500.0,8.0
59,1,150,10000.0,2.0,-602933810,0.0,6.0,1.0,0.0,1.0,2.0,0.0,50000.0,500.0,8.0
67,1,150,10000.0,2.0,-602517880,0.0,6.0,1.0,0.25,0.1,2.0,0.0,50000.0,500.0,8.0
75,1,150,10000.0,2.0,-602096597,0.0,6.0,1.0,0.25,0.25,2.0,0.0,50000.0,500.0,8.0
83,1,150,10000.0,2.0,-601682583,0.0,6.0,1.0,0.25,0.4,2.0,0.0,50000.0,500.0,8.0
91,1,150,10000.0,2.0,-601260708,0.0,6.0,1.0,0.25,0.5,2.0,0.0,50000.0,500.0,8.0
99,1,150,10000.0,2.0,-600850553,0.0,6.0,1.0,0.25,0.6,2.0,0.0,50000.0,500.0,8.0
107,1,150,10000.0,2.0,-600434319,0.0,6.0,1.0,0.25,0.7,2.0,0.0,50000.0,500.0,8.0
115,1,150,10000.0,2.0,-600019824,0.0,6.0,1.0,0.25,0.8,2.0,0.0,50000.0,500.0,8.0
123,1,150,10000.0,2.0,-599606929,0.0,6.0,1.0,0.25,1.0,2.0,0.0,50000.0,500.0,8.0
131,1,150,10000.0,2.0,-599189649,0.0,6.0,1.0,0.5,0.1,2.0,0.0,50000.0,500.0,8.0
139,1,150,10000.0,2.0,-598784028,0.0,6.0,1.0,0.5,0.25,2.0,0.0,50000.0,500.0,8.0
147,1,150,10000.0,2.0,-598375984,0.0,6.0,1.0,0.5,0.4,2.0,0.0,50000.0,500.0,8.0
155,1,150,10000.0,2.0,-597965615,0.0,6.0,1.0,0.5,0.5,2.0,0.0,50000.0,500.0,8.0
163,1,150,10000.0,2.0,-597546824,0.0,6.0,1.0,0.5,0.6,2.0,0.0,50000.0,500.0,8.0
171,1,150,10000.0,2.0,-597130611,0.0,6.0,1.0,0.5,0.7,2.0,0.0,50000.0,500.0,8.0
179,1,150,10000.0,2.0,-596710240,0.0,6.0,1.0,0.5,0.8,2.0,0.0,50000.0,500.0,8.0
187,1,150,10000.0,2.0,-596252142,0.0,6.0,1.0,0.5,1.0,2.0,0.0,50000.0,500.0,8.0
195,1,150,10000.0,2.0,-595800127,0.0,6.0,1.0,1.0,0.1,2.0,0.0,50000.0,500.0,8.0
203,1,150,10000.0,2.0,-595359346,0.0,6.0,1.0,1.0,0.25,2.0,0.0,50000.0,500.0,8.0
211,1,150,10000.0,2.0,-594910760,0.0,6.0,1.0,1.0,0.4,2.0,0.0,50000.0,500.0,8.0
219,1,150,10000.0,2.0,-594467725,0.0,6.0,1.0,1.0,0.5,2.0,0.0,50000.0,500.0,8.0
227,1,150,10000.0,2.0,-594008562,0.0,6.0,1.0,1.0,0.6,2.0,0.0,50000.0,500.0,8.0
235,1,150,10000.0,2.0,-593559801,0.0,6.0,1.0,1.0,0.7,2.0,0.0,50000.0,500.0,8.0
243,1,150,10000.0,2.0,-593112230,0.0,6.0,1.0,1.0,0.8,2.0,0.0,50000.0,500.0,8.0
251,1,150,10000.0,2.0,-592656864,0.0,6.0,1.0,1.0,1.0,2.0,0.0,50000.0,500.0,8.0
259,1,150,10000.0,2.0,-592202405,0.0,6.0,1.0,2.0,0.1,2.0,0.0,50000.0,500.0,8.0
267,1,150,10000.0,2.0,-591752820,0.0,6.0,1.0,2.0,0.25,2.0,0.0,50000.0,500.0,8.0
275,1,150,10000.0,2.0,-591307250,0.0,6.0,1.0,2.0,0.4,2.0,0.0,50000.0,500.0,8.0
283,1,150,10000.0,2.0,-590862788,0.0,6.0,1.0,2.0,0.5,2.0,0.0,50000.0,500.0,8.0
291,1,150,10000.0,2.0,-590414431,0.0,6.0,1.0,2.0,0.6,2.0,0.0,50000.0,500.0,8.0
299,1,150,10000.0,2.0,-589965205,0.0,6.0,1.0,2.0,0.7,2.0,0.0,50000.0,500.0,8.0
307,1,150,10000.0,2.0,-589515294,0.0,6.0,1.0,2.0,0.8,2.0,0.0,50000.0,500.0,8.0
315,1,150,10000.0,2.0,-589061039,0.0,6.0,1.0,2.0,1.0,2.0,0.0,50000.0,500.0,8.0
323,1,150,10000.0,2.0,-588606098,0.0,6.0,1.0,4.0,0.1,2.0,0.0,50000.0,500.0,8.0
331,1,150,10000.0,2.0,-588160262,0.0,6.0,1.0,4.0,0.25,2.0,0.0,50000.0,500.0,8.0
339,1,150,10000.0,2.0,-587711020,0.0,6.0,1.0,4.0,0.4,2.0,0.0,50000.0,500.0,8.0
347,1,150,10000.0,2.0,-587256668,0.0,6.0,1.0,4.0,0.5,2.0,0.0,50000.0,500.0,8.0
355,1,150,10000.0,2.0,-586805930,0.0,6.0,1.0,4.0,0.6,2.0,0.0,50000.0,500.0,8.0
363,1,150,10000.0,2.0,-586356067,0.0,6.0,1.0,4.0,0.7,2.0,0.0,50000.0,500.0,8.0
371,1,150,10000.0,2.0,-585904068,0.0,6.0,1.0,4.0,0.8,2.0,0.0,50000.0,500.0,8.0
379,1,150,10000.0,2.0,-585454238,0.0,6.0,1.0,4.0,1.0,2.0,0.0,50000.0,500.0,8.0
387,1,150,10000.0,2.0,-585006686,0.0,6.0,1.0,8.0,0.1,2.0,0.0,50000.0,500.0,8.0
395,1,150,10000.0,2.0,-584561735,0.0,6.0,1.0,8.0,0.25,2.0,0.0,50000.0,500.0,8.0
403,1,150,10000.0,2.0,-584114868,0.0,6.0,1.0,8.0,0.4,2.0,0.0,50000.0,500.0,8.0
411,1,150,10000.0,2.0,-583667074,0.0,6.0,1.0,8.0,0.5,2.0,0.0,50000.0,500.0,8.0
419,1,150,10000.0,2.0,-583214965,0.0,6.0,1.0,8.0,0.6,2.0,0.0,50000.0,500.0,8.0
427,1,150,10000.0,2.0,-582763201,0.0,6.0,1.0,8.0,0.7,2.0,0.0,50000.0,500.0,8.0
435,1,150,10000.0,2.0,-582305616,0.0,6.0,1.0,8.0,0.8,2.0,0.0,50000.0,500.0,8.0
443,1,150,10000.0,2.0,-581852664,0.0,6.0,1.0,8.0,1.0,2.0,0.0,50000.0,500.0,8.0
451,1,150,10000.0,2.0,-581401551,0.0,6.0,1.0,16.0,0.1,2.0,0.0,50000.0,500.0,8.0
459,1,150,10000.0,2.0,-580954293,0.0,6.0,1.0,16.0,0.25,2.0,0.0,50000.0,500.0,8.0
467,1,150,10000.0,2.0,-580509383,0.0,6.0,1.0,16.0,0.4,2.0,0.0,50000.0,500.0,8.0
475,1,150,10000.0,2.0,-580065171,0.0,6.0,1.0,16.0,0.5,2.0,0.0,50000.0,500.0,8.0
483,1,150,10000.0,2.0,-579615208,0.0,6.0,1.0,16.0,0.6,2.0,0.0,50000.0,500.0,8.0
491,1,150,10000.0,2.0,-579163913,0.0,6.0,1.0,16.0,0.7,2.0,0.0,50000.0,500.0,8.0
499,1,150,10000.0,2.0,-578709204,0.0,6.0,1.0,16.0,0.8,2.0,0.0,50000.0,500.0,8.0
507,1,150,10000.0,2.0,-578257374,0.0,6.0,1.0,16.0,1.0,2.0,0.0,50000.0,500.0,8.0
515,1,150,10000.0,2.0,-577802197,0.0,6.0,2.0,0.0,0.1,2.0,0.0,50000.0,500.0,8.0
523,1,150,10000.0,2.0,-577354502,0.0,6.0,2.0,0.0,0.25,2.0,0.0,50000.0,500.0,8.0
531,1,150,10000.0,2.0,-576904794,0.0,6.0,2.0,0.0,0.4,2.0,0.0,50000.0,500.0,8.0
539,1,150,10000.0,2.0,-576456891,0.0,6.0,2.0,0.0,0.5,2.0,0.0,50000.0,500.0,8.0
547,1,150,10000.0,2.0,-576003402,0.0,6.0,2.0,0.0,0.6,2.0,0.0,50000.0,500.0,8.0
555,1,150,10000.0,2.0,-575551047,0.0,6.0,2.0,0.0,0.7,2.0,0.0,50000.0,500.0,8.0
563,1,150,10000.0,2.0,-575103778,0.0,6.0,2.0,0.0,0.8,2.0,0.0,50000.0,500.0,8.0
571,1,150,10000.0,2.0,-574652178,0.0,6.0,2.0,0.0,1.0,2.0,0.0,50000.0,500.0,8.0
579,1,150,10000.0,2.0,-574195979,0.0,6.0,2.0,0.25,0.1,2.0,0.0,50000.0,500.0,8.0
587,1,150,10000.0,2.0,-573755022,0.0,6.0,2.0,0.25,0.25,2.0,0.0,50000.0,500.0,8.0
595,1,150,10000.0,2.0,-573308368,0.0,6.0,2.0,0.25,0.4,2.0,0.0,50000.0,500.0,8.0
603,1,150,10000.0,2.0,-572860542,0.0,6.0,2.0,0.25,0.5,2.0,0.0,50000.0,500.0,8.0
611,1,150,10000.0,2.0,-572411773,0.0,6.0,2.0,0.25,0.6,2.0,0.0,50000.0,500.0,8.0
619,1,150,10000.0,2.0,-571964663,0.0,6.0,2.0,0.25,0.7,2.0,0.0,50000.0,500.0,8.0
627,1,150,10000.0,2.0,-571512385,0.0,6.0,2.0,0.25,0.8,2.0,0.0,50000.0,500.0,8.0
635,1,150,10000.0,2.0,-571059865,0.0,6.0,2.0,0.25,1.0,2.0,0.0,50000.0,500.0,8.0
643,1,150,10000.0,2.0,-570605249,0.0,6.0,2.0,0.5,0.1,2.0,0.0,50000.0,500.0,8.0
651,1,150,10000.0,2.0,-570155975,0.0,6.0,2.0,0.5,0.25,2.0,0.0,50000.0,500.0,8.0
659,1,150,10000.0,2.0,-569704650,0.0,6.0,2.0,0.5,0.4,2.0,0.0,50000.0,500.0,8.0
667,1,150,10000.0,2.0,-569254174,0.0,6.0,2.0,0.5,0.5,2.0,0.0,50000.0,500.0,8.0
675,1,150,10000.0,2.0,-568798979,0.0,6.0,2.0,0.5,0.6,2.0,0.0,50000.0,500.0,8.0
683,1,150,10000.0,2.0,-568347190,0.0,6.0,2.0,0.5,0.7,2.0,0.0,50000.0,500.0,8.0
691,1,150,10000.0,2.0,-567896265,0.0,6.0,2.0,0.5,0.8,2.0,0.0,50000.0,500.0,8.0
699,1,150,10000.0,2.0,-567446157,0.0,6.0,2.0,0.5,1.0,2.0,0.0,50000.0,500.0,8.0
707,1,150,10000.0,2.0,-566997888,0.0,6.0,2.0,1.0,0.1,2.0,0.0,50000.0,500.0,8.0
715,1,150,10000.0,2.0,-566549309,0.0,6.0,2.0,1.0,0.25,2.0,0.0,50000.0,500.0,8.0
723,1,150,10000.0,2.0,-566101817,0.0,6.0,2.0,1.0,0.4,2.0,0.0,50000.0,500.0,8.0
731,1,150,10000.0,2.0,-565655520,0.0,6.0,2.0,1.0,0.5,2.0,0.0,50000.0,500.0,8.0
